x	u0	u1
                 -30	-3.122103105462903e-06	-5.080446619003254e-06
         -29.8828125	-3.016856024676273e-06	2.268241786899244e-06
          -29.765625	-4.566978696912694e-06	3.008522098724153e-06
         -29.6484375	-4.880820225724655e-06	6.857582805996909e-06
           -29.53125	-4.972500417791195e-06	7.265782143724142e-06
         -29.4140625	-4.405621228852075e-06	9.367284578953861e-06
          -29.296875	-4.379605733038916e-07	9.626333078214741e-06
         -29.1796875	4.439153552263098e-06	1.308988905177749e-05
            -29.0625	5.391707381988478e-06	9.60097424226522e-06
         -28.9453125	2.284933948954598e-06	7.247888114101514e-06
          -28.828125	3.028189719743793e-06	2.968782632643482e-06
         -28.7109375	8.731911264088163e-06	2.306100803411287e-06
           -28.59375	1.105223082043319e-05	-1.252686615944854e-06
         -28.4765625	1.035134792000403e-05	2.014418327481865e-06
          -28.359375	1.023177672368827e-05	5.519522771790103e-06
         -28.2421875	1.080163878784332e-05	5.378495819592308e-06
             -28.125	1.008882125437538e-05	-1.826474147297724e-06
         -28.0078125	5.590734989357332e-06	8.952124259647282e-07
          -27.890625	2.649027183131147e-07	-1.614532120690002e-06
         -27.7734375	-2.09368507096859e-06	-2.100393704558209e-06
           -27.65625	-3.146068744394603e-06	-6.237835185537999e-08
         -27.5390625	-4.135968867141626e-06	8.277860674022613e-07
          -27.421875	-3.053528834503355e-06	-2.431835196357174e-06
         -27.3046875	-2.662086568173266e-06	-6.894660946471509e-07
            -27.1875	-7.10232324072687e-06	-5.398651606278691e-06
         -27.0703125	-1.118625729461774e-05	-3.633103549983106e-06
          -26.953125	-1.412472560623646e-05	-4.670825407073441e-06
         -26.8359375	-1.341629473246547e-05	-7.083636814488904e-06
           -26.71875	-7.029180082267217e-06	-1.086952126188537e-05
         -26.6015625	-5.262456876651764e-06	-1.276109067527287e-05
          -26.484375	-7.728449869915874e-06	-1.903114932144071e-05
         -26.3671875	-6.759492233736689e-06	-1.502552271716914e-05
              -26.25	-7.34551018621854e-06	-1.391541442227751e-05
         -26.1328125	-7.480755169833597e-06	-1.465627094615618e-05
          -26.015625	-5.05725120605871e-06	-1.464650854028637e-05
         -25.8984375	-5.029942155287959e-06	-9.009257480818711e-06
           -25.78125	-6.16549283138923e-06	-8.589181084220354e-06
         -25.6640625	-9.866488154389175e-06	-4.06216275293525e-06
          -25.546875	-1.500577793646374e-05	-3.176050532682773e-06
         -25.4296875	-1.245834067632734e-05	-1.49545882111024e-06
            -25.3125	-1.137898283137817e-05	2.69084311915746e-07
         -25.1953125	-1.160027093731475e-05	7.924049816865342e-06
          -25.078125	-6.586486846579809e-06	6.836285623673666e-06
         -24.9609375	-3.767078825642201e-06	6.373946923210472e-06
           -24.84375	1.880826690212056e-06	4.012931598545988e-06
         -24.7265625	8.744841011404381e-06	2.524070938175749e-06
          -24.609375	7.032112633392762e-06	-1.410839601562186e-06
         -24.4921875	8.375690506406963e-06	-5.355972803877673e-07
             -24.375	1.102553402466955e-05	-5.494467468988851e-07
         -24.2578125	8.954907299969783e-06	2.638882427713485e-06
          -24.140625	9.161674345246895e-06	-7.39944243099977e-07
         -24.0234375	8.513066359801258e-06	6.369116315393941e-07
           -23.90625	1.970106632998014e-06	-1.176513592576756e-06
         -23.7890625	-1.310544832940075e-06	-8.124527059172326e-07
          -23.671875	1.051755492767481e-06	2.065591342623185e-06
         -23.5546875	5.405551703092926e-06	7.512698261914752e-06
            -23.4375	5.767771179089609e-06	5.991095219606835e-06
         -23.3203125	9.53914316894483e-07	8.807090024653963e-06
          -23.203125	-1.309764659437884e-06	5.486176862849745e-06
         -23.0859375	-1.137188897205182e-06	7.863996270840445e-07
           -22.96875	-3.431121008300522e-06	-1.825213524245597e-06
         -22.8515625	-1.685311182894958e-06	2.003490525094923e-06
          -22.734375	1.067883774446415e-06	1.088722982867801e-06
         -22.6171875	2.962316030511239e-06	6.37288690171281e-06
               -22.5	4.644342612060079e-06	8.332638737641555e-06
         -22.3828125	2.541655312547283e-06	8.826670073625899e-06
          -22.265625	2.890990461815179e-06	6.808585826356683e-06
         -22.1484375	8.23964814967125e-06	6.729562071252845e-06
           -22.03125	7.964771801389353e-06	1.589613844912158e-07
         -21.9140625	5.814738321468019e-06	-2.202275274905061e-06
          -21.796875	6.541523206719801e-06	-1.810661660467394e-06
         -21.6796875	5.337624094756133e-06	-1.459964513188597e-06
            -21.5625	-2.073617109910053e-06	-1.143811954137236e-05
         -21.4453125	-7.29432197578081e-06	-9.667567080515888e-06
          -21.328125	-5.017384205198427e-06	-5.753506345306664e-06
         -21.2109375	-5.168907463173888e-06	-5.951194317520975e-06
           -21.09375	-9.163398245231463e-06	-5.320939261213575e-06
         -20.9765625	-6.991003333844947e-06	-1.199885591864069e-06
          -20.859375	-4.951415268010517e-06	-3.123647704619814e-06
         -20.7421875	-4.188907238224238e-06	3.023635574556094e-07
             -20.625	-2.424723791645544e-06	-3.342845121344362e-06
         -20.5078125	-4.659891472129363e-06	-1.707797550085099e-06
          -20.390625	-7.750129370980019e-06	9.11037775164214e-07
         -20.2734375	-5.639030203681561e-06	-1.815063931140393e-06
           -20.15625	-2.979428415934848e-06	-7.698066893768729e-06
         -20.0390625	-3.140524226244445e-06	-5.609629372682612e-06
          -19.921875	-5.59860024448855e-06	-5.270695646014678e-06
         -19.8046875	-3.70540482357018e-06	-2.002210826523854e-06
            -19.6875	-9.077341203145295e-07	-4.17259864048114e-06
         -19.5703125	-1.440843985844875e-06	-1.371167709929288e-06
          -19.453125	-3.402579487887802e-07	1.062876757385034e-06
         -19.3359375	-2.667701055614202e-07	1.155013409373518e-06
           -19.21875	-3.131169447653792e-06	-4.394107553540305e-06
         -19.1015625	-4.942513527478321e-07	-5.400506692274099e-06
          -18.984375	3.989092937514704e-06	-2.831303892919523e-06
         -18.8671875	3.603162343976396e-06	4.211926078023787e-06
              -18.75	3.866344575748082e-07	1.799560568775671e-06
         -18.6328125	2.199655832896275e-07	4.229130579583296e-06
          -18.515625	-1.849257300449991e-06	3.584649752058633e-06
         -18.3984375	-5.164641092562927e-06	-3.671184497164304e-07
           -18.28125	-2.854069737809328e-06	-3.596600077780676e-06
         -18.1640625	5.334798371808835e-08	-3.046484589638854e-06
          -18.046875	-6.555488484272232e-07	-4.913872172919442e-06
         -17.9296875	-1.152708304918981e-06	-2.8848896051481e-06
            -17.8125	7.382413195061721e-07	-5.039162400542752e-06
         -17.6953125	4.304839373657499e-06	3.881973133501582e-07
          -17.578125	2.81172409397068e-06	4.19991637014977e-06
         -17.4609375	1.500270882290322e-06	5.716930562414679e-06
           -17.34375	6.963778961893707e-06	3.64327230810424e-06
         -17.2265625	1.153540428457805e-05	7.206298622039475e-06
          -17.109375	9.500900295486558e-06	9.95213914254528e-06
         -16.9921875	5.902767312479518e-06	1.269777521339943e-05
             -16.875	3.803150891948381e-06	1.076758103957243e-05
         -16.7578125	3.042187977260469e-06	8.908157948128714e-06
          -16.640625	3.851550529086756e-06	4.89714649972578e-06
         -16.5234375	5.574943138977884e-06	7.216590808628576e-06
           -16.40625	6.582099145578668e-06	8.331240081739522e-06
         -16.2890625	1.129635408277097e-05	1.495258081366663e-05
          -16.171875	1.812154659106696e-05	1.26829994670577e-05
         -16.0546875	2.127554333081205e-05	8.722566601247761e-06
            -15.9375	2.241522430388582e-05	1.410231943775597e-05
         -15.8203125	2.248041389926736e-05	2.066196702917023e-05
          -15.703125	2.22051261423023e-05	1.757303596239268e-05
         -15.5859375	2.083409067485387e-05	2.34037397275691e-05
           -15.46875	1.980858669779761e-05	2.253386835612131e-05
         -15.3515625	2.468510596612822e-05	1.956960027668653e-05
          -15.234375	2.701962762877153e-05	2.303293405837847e-05
         -15.1171875	2.493628663384484e-05	2.806618309982717e-05
                 -15	2.618472641087444e-05	2.679053628894257e-05
         -14.8828125	2.894279224004148e-05	3.135324212477641e-05
          -14.765625	3.335954209271463e-05	3.152007576935623e-05
         -14.6484375	4.061786185224903e-05	3.522852388297693e-05
           -14.53125	4.848330575485393e-05	4.075226839064805e-05
         -14.4140625	5.244039578862492e-05	4.692698286384855e-05
          -14.296875	5.585720721248966e-05	4.909890603735367e-05
         -14.1796875	6.236878284052172e-05	5.422312164877346e-05
            -14.0625	6.676925950186569e-05	5.855967484855867e-05
         -13.9453125	7.500963175996467e-05	6.834095715255173e-05
          -13.828125	8.688910055886651e-05	7.740811691561711e-05
         -13.7109375	9.473244932780428e-05	8.895892839393821e-05
           -13.59375	0.0001070543639334828	9.471620979890905e-05
         -13.4765625	0.0001201708234814941	0.0001047552955277947
          -13.359375	0.0001333708385004295	0.0001165272344318818
         -13.2421875	0.0001513288013912581	0.0001268477704503695
             -13.125	0.0001665124314018662	0.0001417630736057982
         -13.0078125	0.0001857385321075086	0.0001696017741538644
          -12.890625	0.0002136418885491098	0.0001903947296701403
         -12.7734375	0.0002414345307692606	0.0002179431297033435
           -12.65625	0.0002739981594769673	0.0002514253421916218
         -12.5390625	0.0003103039578143951	0.0002834399230632403
          -12.421875	0.0003506272869930917	0.0003162528915678885
         -12.3046875	0.0003992669955552273	0.0003600687932430284
            -12.1875	0.0004516357028477025	0.0004028284431369412
         -12.0703125	0.0005087785307665987	0.0004537156288906552
          -11.953125	0.0005734492382381967	0.0005181237770757394
         -11.8359375	0.0006395044190392364	0.0005922960796352593
           -11.71875	0.0007194591038395606	0.0006643000942610812
         -11.6015625	0.0008168887492633458	0.0007491678525844876
          -11.484375	0.0009199828182820443	0.0008415254125731346
         -11.3671875	 0.00103448559975332	0.0009456197676367094
              -11.25	0.001168867413216118	0.001063233649475567
         -11.1328125	0.001318536858440217	0.001195540241839349
          -11.015625	 0.00148287506314787	0.001341565810822565
         -10.8984375	0.001663487346881973	0.001506706815859238
           -10.78125	0.001868253242104337	0.001683579195769863
         -10.6640625	0.002099838427220432	0.001891205208441701
          -10.546875	 0.00236135419973163	0.002126831666127357
         -10.4296875	0.002649562182146264	0.002388131550400435
            -10.3125	0.002969480493921317	0.002682966935511788
         -10.1953125	0.003334832725456427	0.003021167518926907
          -10.078125	0.003746604343973378	0.003391856761720713
          -9.9609375	0.004207685166207856	0.003810803387633274
            -9.84375	0.004729869284923111	0.004284122676768032
          -9.7265625	0.005312294248221466	0.004810428701529201
           -9.609375	0.005965575883486784	0.005396781783425314
          -9.4921875	0.006700448592386429	 0.00606649950441529
              -9.375	0.007529269727701085	0.006814290499009182
          -9.2578125	0.008460829400823239	0.007654527881525611
           -9.140625	 0.00949973622917899	0.008599706649872363
          -9.0234375	 0.01066294970176182	0.009663947234258716
            -8.90625	 0.01197102805055952	 0.01085577384137398
          -8.7890625	 0.01343881021948987	 0.01219102294574598
           -8.671875	 0.01509409297357397	 0.01368082478978161
          -8.5546875	 0.01694570138656437	 0.01535322783254575
             -8.4375	 0.01900759932982768	 0.01723008364269664
          -8.3203125	 0.02131552062247929	 0.01933409850303394
           -8.203125	 0.02390126512700994	  0.0216788391946694
          -8.0859375	 0.02678991305875818	 0.02430774604254901
            -7.96875	 0.03001903180810883	 0.02724893218792045
          -7.8515625	 0.03362613451175223	 0.03052878222445851
           -7.734375	 0.03765067932895683	 0.03418592396626902
          -7.6171875	 0.04212845868435926	 0.03827287312642064
                -7.5	 0.04710905326172733	 0.04282139085220286
          -7.3828125	 0.05264377435932455	 0.04787898549373469
           -7.265625	 0.05878879210098533	 0.05349939448815302
          -7.1484375	 0.06560402050817951	 0.05974301730625108
            -7.03125	 0.07314288535446591	 0.06665798268416673
          -6.9140625	 0.08145862394742154	 0.07430613748359058
           -6.796875	 0.09062405359961123	   0.082746312448661
          -6.6796875	  0.1006987384234728	 0.09204572839903108
             -6.5625	  0.1117345715200182	  0.1022559110291934
          -6.4453125	  0.1237866004478237	  0.1134375308270743
           -6.328125	  0.1369102197302394	  0.1256439751871515
          -6.2109375	  0.1511400103644636	  0.1389276152524799
            -6.09375	  0.1665023050378999	  0.1533227034057145
          -5.9765625	  0.1830062723218253	  0.1688588730629883
           -5.859375	  0.2006435337800091	  0.1855348201463831
          -5.7421875	  0.2193758557678005	  0.2033338153914283
              -5.625	  0.2391328461213277	  0.2222152965584501
          -5.5078125	  0.2598152904048517	  0.2421169963029152
           -5.390625	   0.281287756662837	  0.2629218347010078
          -5.2734375	   0.303352443284898	  0.2844847099333572
            -5.15625	  0.3257862129964454	  0.3066160442211894
          -5.0390625	  0.3483216632066917	  0.3290867347379686
           -4.921875	  0.3706374181775534	  0.3516101858508007
          -4.8046875	   0.392376941443929	  0.3738647399513865
             -4.6875	  0.4131588350381041	  0.3954888654508773
          -4.5703125	   0.432580436073459	  0.4161032830771253
           -4.453125	  0.4502387100145149	  0.4352963777001229
          -4.3359375	  0.4657259808577697	  0.4526611643429848
            -4.21875	  0.4786793729979965	  0.4678045936004368
          -4.1015625	  0.4887784880797345	  0.4803610778044385
           -3.984375	  0.4957491122426865	  0.4900018395310159
          -3.8671875	  0.4994051096433423	  0.4964894908014972
               -3.75	  0.4996584430728161	  0.4996521146546476
          -3.6328125	  0.4964924826826189	  0.4994011606921815
           -3.515625	  0.4899936985146477	  0.4957374669720559
          -3.3984375	  0.4803355624458863	  0.4887639825030249
            -3.28125	  0.4677745052717737	  0.4786637789298804
          -3.1640625	  0.4526311451731252	  0.4657064449179462
           -3.046875	  0.4352665553414702	  0.4502151302339188
          -2.9296875	  0.4160719777729499	  0.4325604727870636
             -2.8125	  0.3954645500531801	  0.4131314921988556
          -2.6953125	  0.3738381854510195	  0.3923430348534789
           -2.578125	    0.35157953140996	   0.370595662082804
          -2.4609375	  0.3290558772399792	  0.3482797823167909
            -2.34375	   0.306591183185284	  0.3257483584980283
          -2.2265625	  0.2844587954245203	  0.3033181626600746
           -2.109375	  0.2628984540483646	  0.2812587764096588
          -1.9921875	  0.2420962174339516	  0.2597988308685675
              -1.875	  0.2221960999472705	  0.2391174054302877
          -1.7578125	  0.2033097251059375	  0.2193633400195867
           -1.640625	  0.1855219801993518	  0.2006316330681115
          -1.5234375	  0.1688601235303879	  0.1829988618979208
            -1.40625	  0.1533330411256288	  0.1665022972350753
          -1.2890625	  0.1389401849602228	  0.1511493095724445
           -1.171875	   0.125660688421574	   0.136926669129924
          -1.0546875	  0.1134548819699162	  0.1238125712401874
             -0.9375	  0.1022803898413247	  0.1117622476210921
          -0.8203125	 0.09207664045619973	  0.1007344146162605
           -0.703125	 0.08278656776773896	 0.09066412332323345
          -0.5859375	 0.07434973819345367	 0.08149635895614746
            -0.46875	 0.06671293305230619	  0.0731799843885847
          -0.3515625	 0.05980843935639356	 0.06565152133700575
           -0.234375	 0.05357086366648101	 0.05884383490297936
          -0.1171875	 0.04795193979381984	 0.05271026032006593
                   0	 0.04290675139830022	 0.04718450348310624
           0.1171875	 0.03836981523041059	 0.04221466943753036
            0.234375	 0.03429714130188594	 0.03774808282844769
           0.3515625	 0.03064465863974351	  0.0337392851154564
             0.46875	 0.02737183021165335	 0.03014963321584959
           0.5859375	 0.02444675625582742	 0.02694055227840492
            0.703125	 0.02183430997822488	 0.02406124730051835
           0.8203125	 0.01949558637380984	 0.02148845967594915
              0.9375	 0.01741607835211354	 0.01919108912448441
           1.0546875	 0.01556231759599183	 0.01714228855051383
            1.171875	 0.01390394532697528	 0.01531689121572966
           1.2890625	 0.01242615929831834	 0.01369032128078547
             1.40625	 0.01111793469822151	 0.01224100529541548
           1.5234375	0.009953769246047947	 0.01095523474598216
            1.640625	0.008919890460546084	0.009800665065753004
           1.7578125	0.008003914738747012	0.008777456349930509
               1.875	0.007197726365187715	0.007879591848757913
           1.9921875	0.006482240255925722	0.007086256449692454
            2.109375	0.005844254508177767	0.006383048593461125
           2.2265625	0.005278454282403837	0.005763390943737423
             2.34375	0.004785655799072211	0.005212532081804892
           2.4609375	0.004352656128432997	0.004732641692760818
            2.578125	0.003976116396781627	0.004311947839281165
           2.6953125	0.003649477809695222	0.003947110466792636
              2.8125	0.003373670094860928	0.003631213380955686
           2.9296875	0.003138723144145714	 0.00336309776822056
            3.046875	0.002940370957855483	0.003139579942659302
           3.1640625	0.002777600252900647	0.002955585857199731
             3.28125	0.002645466099131709	0.002801145376948123
           3.3984375	0.002539674768866866	0.002677032875155777
            3.515625	0.002468036534392414	0.002576380438040335
           3.6328125	0.002420994405252478	0.002506474121919893
                3.75	0.002398663282072555	0.002461617095378593
           3.8671875	0.002399351893296015	0.002439338427519089
            3.984375	0.002425255807182891	0.002440269018082947
           4.1015625	0.002468212985678508	0.002470254224516466
             4.21875	0.002529385419307473	0.002524210117851505
           4.3359375	0.002614774816606602	0.002600818776689218
            4.453125	  0.0027248926640768	0.002699052726273077
           4.5703125	0.002853163494852817	0.002822040510507662
              4.6875	0.003005813785200762	0.002959231610394464
           4.8046875	0.003181040264065266	0.003121896569677207
            4.921875	0.003381781422699764	0.003315202236248815
           5.0390625	 0.00360812736122143	0.003534708817186677
             5.15625	0.003866413238774902	0.003774412863203014
           5.2734375	0.004147188798132473	0.004041748232993719
            5.390625	0.004454586051865606	0.004336845369659947
           5.5078125	0.004798849779400469	0.004664345956447435
               5.625	0.005177651702642561	0.005025829611754976
           5.7421875	0.005586321711456219	0.005421257878684332
            5.859375	0.006033995863739233	0.005846118654805721
           5.9765625	0.006518937034849098	0.006317288644518609
             6.09375	0.007054068321626222	0.006831217976479509
           6.2109375	0.007640726899320535	0.007386200565812087
            6.328125	0.008274354846679821	0.007990292333415902
           6.4453125	0.008957777245969606	0.008653976504969234
              6.5625	0.009702192466055339	0.009374083227797633
           6.6796875	 0.01050960624751468	 0.01015172952515077
            6.796875	 0.01138842092788975	 0.01099487511508521
           6.9140625	 0.01233393831211526	 0.01191497735524142
             7.03125	 0.01335243272388145	  0.0129061300613984
           7.1484375	 0.01446265273130989	 0.01398127281501692
            7.265625	 0.01566895386449271	 0.01514613253503705
           7.3828125	 0.01696166940722536	  0.0164046357861353
                 7.5	 0.01836364231995793	 0.01776178585648149
           7.6171875	 0.01988497480700066	 0.01923316209299018
            7.734375	 0.02152927543352062	 0.02082269521985735
           7.8515625	 0.02330459718236266	 0.02253300354991116
             7.96875	 0.02521429263674242	 0.02437480805544995
           8.0859375	 0.02726500947491611	 0.02636516950006032
            8.203125	  0.0294775633908163	  0.0285062867943701
           8.3203125	  0.0318560128686552	 0.03081524789221746
              8.4375	 0.03441049009534347	 0.03329732555024566
           8.5546875	 0.03714968226937385	 0.03596063961563228
            8.671875	 0.04009063111820887	 0.03881582036232872
           8.7890625	 0.04324402322215719	 0.04187690314283216
             8.90625	 0.04661640331373874	 0.04515393756856642
           9.0234375	 0.05021667770588399	 0.04865895546270909
            9.140625	 0.05405958803376101	 0.05239479506372377
           9.2578125	 0.05815043491317853	  0.0563786878498103
               9.375	 0.06250271709273802	 0.06061896157306002
           9.4921875	 0.06712386083135252	 0.06512448394874151
            9.609375	 0.07202048910559017	 0.06990314901721639
           9.7265625	 0.07719799279296327	 0.07496327531438218
             9.84375	 0.08266669621940806	 0.08030099104706652
           9.9609375	 0.08841829031863305	 0.08592264292837695
           10.078125	 0.09444711607599904	  0.0918302225913194
          10.1953125	  0.1007558519851479	 0.09802479467681666
             10.3125	  0.1073396259046009	  0.1044923929522318
          10.4296875	  0.1141816704401205	  0.1112277472044042
           10.546875	  0.1212760314910086	  0.1182181733289369
          10.6640625	  0.1285961969976341	  0.1254446007118312
            10.78125	   0.136115356388722	  0.1328826832555625
          10.8984375	  0.1438102424538073	  0.1405064423557297
           11.015625	  0.1516406723092626	  0.1482777323482156
          11.1328125	   0.159556705357863	  0.1561655708285261
               11.25	  0.1675207451360623	  0.1641185253726575
          11.3671875	  0.1754784706855644	  0.1720891880280783
           11.484375	  0.1833714597816197	  0.1800197549937571
          11.6015625	  0.1911392622361966	  0.1878514519944458
            11.71875	  0.1987193937253176	  0.1955237671741426
          11.8359375	  0.2060355734959204	  0.2029604546344511
           11.953125	   0.213018159078058	  0.2100838832978609
          12.0703125	  0.2195970487152661	  0.2168435325166321
             12.1875	  0.2256939529488756	  0.2231557385497188
          12.3046875	  0.2312354857047343	  0.2289436759565789
           12.421875	  0.2361672787446191	  0.2341430240859012
          12.5390625	  0.2404221750797028	  0.2386907745315229
            12.65625	  0.2439433823734928	  0.2425325880467485
          12.7734375	  0.2466897212407583	  0.2456208708699959
           12.890625	  0.2486271202949197	   0.247902468702517
          13.0078125	  0.2497299714565418	  0.2493591112774616
              13.125	  0.2499824432349566	  0.2499690633345777
          13.2421875	  0.2493682839566846	  0.2497230558439575
           13.359375	  0.2479029456518185	  0.2486238280492883
          13.4765625	  0.2456098660439571	  0.2466870795302472
            13.59375	  0.2425201500849242	  0.2439352333535753
          13.7109375	  0.2386790627673928	  0.2404078178969496
           13.828125	  0.2341301914068588	  0.2361492337348483
          13.9453125	   0.228921897987302	  0.2312195308600627
             14.0625	  0.2231302325463279	  0.2256733217889394
          14.1796875	  0.2168241355666628	  0.2195810131550924
           14.296875	  0.2100721429376624	  0.2130087187492326
          14.4140625	  0.2029442551160777	   0.206031296344702
            14.53125	  0.1955111331258121	  0.1987174020487618
          14.6484375	  0.1878430023265287	  0.1911413553582975
           14.765625	  0.1800117656098558	   0.183372374145575
          14.8828125	  0.1720795447762141	  0.1754765599884944
                  15	  0.1641124631446059	  0.1675161423621117
          15.1171875	  0.1561639777381767	  0.1595581493693803
           15.234375	  0.1482818195432982	  0.1516373001440324
          15.3515625	  0.1405083085742412	  0.1438037981743473
            15.46875	  0.1328839235505293	  0.1361065091087429
          15.5859375	  0.1254460915127805	  0.1285840709397591
           15.703125	  0.1182189028773429	  0.1212669643421518
          15.8203125	  0.1112203917022234	   0.114180421942829
             15.9375	  0.1044826684722494	  0.1073315071648404
          16.0546875	 0.09801661186266636	  0.1007465016748039
           16.171875	 0.09182910055991209	 0.09443498134951323
          16.2890625	 0.08591975997243459	 0.08840256057341603
            16.40625	 0.08029038094834112	 0.08265171553664906
          16.5234375	 0.07494996425623641	 0.07719042042088176
           16.640625	  0.0698920543837532	 0.07201251264756342
          16.7578125	 0.06511076949893321	 0.06711752662279931
              16.875	 0.06060930036201768	  0.0624970459163614
          16.9921875	 0.05637053154351537	 0.05814664840821967
           17.109375	  0.0523891603550302	 0.05405095976285972
          17.2265625	 0.04865149842343094	 0.05020922476720735
            17.34375	 0.04514524916524819	 0.04661297836263999
          17.4609375	 0.04187314777570236	 0.04325057325567121
           17.578125	 0.03881701669930701	 0.04010078499389361
          17.6953125	 0.03595455237993488	 0.03716164806831748
             17.8125	 0.03329452245099612	 0.03441835325971564
          17.9296875	 0.03082274390868714	 0.03186047966863048
           18.046875	 0.02851417780072963	 0.02947749480040805
          18.1640625	  0.0263666041263885	 0.02726343121563892
            18.28125	 0.02437905915407162	 0.02520479134015189
          18.3984375	 0.02253242877621339	 0.02330049341902744
           18.515625	  0.0208192040841221	 0.02153034376311068
          18.6328125	 0.01923064475814812	 0.01988630413664339
               18.75	 0.01775564150980456	 0.01836320173660903
          18.8671875	  0.0163915116184605	 0.01696113647232811
           18.984375	 0.01513074158566492	 0.01565952959793218
          19.1015625	 0.01395860147349157	 0.01445105732839688
            19.21875	  0.0128785263943733	  0.0133335793660059
          19.3359375	 0.01188026128148004	 0.01230494443793374
           19.453125	 0.01095443236278716	 0.01134486920451611
          19.5703125	 0.01010343046595788	 0.01045964978540606
             19.6875	0.009318282496183161	0.009646057337944346
          19.8046875	0.008588830858670383	0.008893571665577804
           19.921875	0.007917116516189787	0.008194350998068332
          20.0390625	0.007296293890993885	0.007554482267897296
            20.15625	0.006721564374832567	0.006959213123380673
          20.2734375	  0.0061904248656127	0.006412169162671719
           20.390625	0.005707081990654922	0.005906386383185989
          20.5078125	0.005260528104624476	0.005443603739605327
              20.625	 0.00484327233401978	0.005018294517742994
          20.7421875	0.004464391533534194	0.004621707431161609
           20.859375	0.004113193684702234	0.004249715902563657
          20.9765625	0.003780872295700829	0.003915985918085924
            21.09375	0.003483497531428133	0.003604711496141354
          21.2109375	0.003207846426959371	0.003317708841050711
           21.328125	0.002948766522240652	0.003053631856913049
          21.4453125	0.002714102151809103	0.002811365335184605
             21.5625	0.002494917208797472	0.002584226125940184
          21.6796875	0.002290175964326027	0.002376801891811373
           21.796875	0.002107541306080249	0.002184162626575392
          21.9140625	0.001941187541564471	0.002014919683882878
            22.03125	0.001788709529765703	0.001853107193612084
          22.1484375	0.001646021850620662	0.001700750130963907
           22.265625	0.001513141740925303	0.001565785308098797
          22.3828125	0.001394164100115156	0.001447625089925651
                22.5	0.001288101884490163	0.001333839443061435
          22.6171875	0.001185106158902391	 0.00123020406083174
           22.734375	0.001089970964914477	0.001128014603326108
          22.8515625	0.001002741697933436	0.001038152407011739
            22.96875	0.000915406660691221	0.0009557061990507851
          23.0859375	0.0008361785424730577	0.0008801690292015493
           23.203125	0.000773077369413927	0.0008058177584643958
          23.3203125	0.0007122653889879982	0.0007400921713448683
             23.4375	0.0006551710391288212	0.0006809742611572009
          23.5546875	0.0006081254773338367	0.0006292391883043653
           23.671875	0.0005599296827556374	0.000575064970434757
          23.7890625	0.0005108814621353902	0.0005266685527456315
            23.90625	0.0004752943174153139	0.0004842748525855783
          24.0234375	0.0004408130811218158	0.0004522575658062397
           24.140625	0.0004040602659335299	0.0004121985024256869
          24.2578125	0.0003713405208475642	0.0003745843798594745
              24.375	0.0003380214691087527	0.0003472009433247922
          24.4921875	0.0003051270906687595	0.0003252622446458658
           24.609375	0.000277847393871121	0.0002954837883948902
          24.7265625	0.0002552570463889639	0.0002718755220158658
            24.84375	0.0002364978619632321	0.0002487476479438311
          24.9609375	0.0002170176500694426	0.0002274535523567045
           25.078125	0.0001984972606280944	0.0002104227306832795
          25.1953125	0.0001806697180564004	0.0002011953103300823
             25.3125	0.0001684445280419333	0.0001817781556516379
          25.4296875	0.000160249027397863	0.0001622917126190004
           25.546875	0.000146712474438343	0.000143596031634885
          25.6640625	0.0001313703171553771	0.0001332866229546287
            25.78125	0.0001210594055128106	0.0001224665164421546
          25.8984375	0.0001096065702291399	0.0001090021920179124
           26.015625	9.831148602319761e-05	9.419861318130107e-05
          26.1328125	9.013561225103273e-05	8.700087662333322e-05
               26.25	8.242714293971165e-05	7.847963119153589e-05
          26.3671875	7.21103054634048e-05	7.615422998746846e-05
           26.484375	6.369267654887656e-05	6.55163762248584e-05
          26.6015625	5.719969702219774e-05	5.708074797633467e-05
            26.71875	4.906864948284184e-05	5.247662739325809e-05
          26.8359375	3.994783287240844e-05	4.484926423574398e-05
           26.953125	3.487094309999328e-05	3.396327524940457e-05
          27.0703125	3.402530691233585e-05	3.649039279798871e-05
             27.1875	3.175248336645398e-05	3.671222022386122e-05
          27.3046875	2.562703320717341e-05	3.507496654261977e-05
           27.421875	2.427195295563733e-05	2.910569319442002e-05
          27.5390625	2.317290088986457e-05	2.586005001198322e-05
            27.65625	1.836330901354433e-05	2.074245583977286e-05
          27.7734375	1.791484540775157e-05	2.456172102835441e-05
           27.890625	2.032542452370945e-05	2.59729110299034e-05
          28.0078125	1.846670924612881e-05	2.318662812009209e-05
              28.125	1.41167819485144e-05	1.733197079894361e-05
          28.2421875	1.293558024421243e-05	1.780672413403961e-05
           28.359375	1.56312911433823e-05	1.398166016708391e-05
          28.4765625	1.324783012062597e-05	9.769388096901588e-06
            28.59375	7.582002596387416e-06	2.934083573796764e-06
          28.7109375	5.926766991702637e-06	6.774406405590794e-06
           28.828125	9.921416107130931e-06	1.090005275662664e-05
          28.9453125	1.175161865238361e-05	1.197510767488724e-05
             29.0625	6.713119394784195e-06	3.300105926112851e-06
          29.1796875	3.799783798111994e-06	-1.815970064558692e-06
           29.296875	2.47607345884443e-06	-5.086711863722115e-06
          29.4140625	-2.804788309943712e-06	-5.140083335422596e-06
            29.53125	-4.018965262237925e-06	-8.480382413347462e-06
          29.6484375	-3.026928100341095e-06	-7.850585412924951e-06
           29.765625	-4.972921391507151e-06	-1.211203558966825e-05
          29.8828125	-5.322421822233706e-06	-1.012737143803524e-05
