x	u0	u1
 0.09817477042468103	   1.008331121436463	   1.040911723703607
  0.1963495408493621	   1.007956590032835	   1.038940569004692
  0.2945243112740431	  0.9964621673190404	   1.025348736667863
  0.3926990816987241	  0.9738052236903474	   1.000101188626478
  0.4908738521234052	  0.9400582843906465	  0.9632889058321695
  0.5890486225480862	  0.8954188079477194	  0.9151390039983318
  0.6872233929727672	  0.8402168784817434	  0.8560224733253576
  0.7853981633974483	  0.7749203016215404	  0.7864589948034584
  0.8835729338221293	  0.7001366618553292	  0.7071183664113589
  0.9817477042468103	  0.6166119943985149	  0.6188181833285427
   1.079922474671491	  0.5252258445020874	  0.5225175538034709
   1.178097245096172	  0.4269826269886627	   0.419306790967278
   1.276272015520854	  0.3229993522684055	  0.3103931929884259
   1.374446785945534	   0.214489944194659	  0.1970832002186501
   1.472621556370215	  0.1027465308720447	 0.08076138804687177
   1.570796326794897	-0.01088176745889577	-0.03713309253363034
   1.668971097219578	 -0.1250119081058662	 -0.1551318881073745
   1.767145867644259	 -0.2382511163097463	 -0.2717637999644107
    1.86532063806894	  -0.349221403807794	 -0.3855812456469299
   1.963495408493621	 -0.4565836070529306	 -0.4951859406767716
   2.061670178918302	 -0.5590601613245886	 -0.5992529568611785
   2.159844949342983	 -0.6554558907889574	 -0.6965523967251913
   2.258019719767664	 -0.7446761931207595	 -0.7859680435535252
   2.356194490192345	 -0.8257421240061691	 -0.8665124951365818
   2.454369260617026	 -0.8978020334686699	 -0.9373384568546226
   2.552544031041707	 -0.9601395633099626	  -0.997746045653121
   2.650718801466388	  -1.012177973659332	  -1.047186130284105
   2.748893571891069	  -1.053480917833649	  -1.085259895307744
    2.84706834231575	  -1.083749920737546	  -1.111714958688826
   2.945243112740431	   -1.10281893080951	  -1.126438489296502
   3.043417883165112	  -1.110646404873811	  -1.129447857362324
   3.141592653589793	  -1.107305447003947	  -1.120879406357638
   3.239767424014474	  -1.092972556349101	   -1.10097595927565
   3.337942194439155	  -1.067915546187281	  -1.070073668152553
   3.436116964863836	  -1.032481179933065	   -1.02858878636879
   3.534291735288517	 -0.9870830330539042	 -0.9770048932291365
   3.632466505713198	 -0.9321900369634838	 -0.9158610343243879
   3.730641276137879	 -0.8683160962274248	 -0.8457411640149721
    3.82881604656256	 -0.7960110979114681	 -0.7672651924892744
   3.926990816987241	 -0.7158535552621802	 -0.6810818530898147
   4.025165587411922	 -0.6284450501641764	 -0.5878635190839769
   4.123340357836604	 -0.5344065622992744	 -0.4883030151040349
   4.221515128261284	 -0.4343766992665734	 -0.3831123886449699
   4.319689898685965	 -0.3290117720740706	 -0.2730235321577554
   4.417864669110647	 -0.2189875947897828	 -0.1587904767380064
   4.516039439535327	 -0.1050028257297437	-0.04119311414193311
   4.614214209960009	 0.01221638991150342	 0.07895795535876046
    4.71238898038469	  0.1319107699729092	  0.2008158061480461
    4.81056375080937	  0.2532815823386119	  0.3234912078531921
   4.908738521234052	  0.3754840608527822	  0.4460467340158012
   5.006913291658733	  0.4976209854203413	  0.5674914476003428
   5.105088062083414	  0.6187369002716353	  0.6867766823907807
   5.203262832508095	  0.7378134765768716	  0.8027934595025628
   5.301437602932776	  0.8537665488585235	  0.9143720852327315
   5.399612373357457	  0.9654453657477895	   1.020284466569007
   5.497787143782138	   1.071634590653049	   1.119249649682358
   5.595961914206819	   1.171059562414588	   1.209943030245474
     5.6941366846315	    1.26239527531928	   1.291009598272703
   5.792311455056181	   1.344279457397646	   1.361081460925287
   5.890486225480862	    1.41533001185214	   1.418799732297119
   5.988660995905543	   1.474166936206687	   1.462840689582935
   6.086835766330224	   1.519438646784419	   1.491945872992257
   6.185010536754906	   1.549852414635115	   1.504955558461938
   6.283185307179586	   1.564208368703383	   1.500844767629318
   6.381360077604267	   1.561436252453418	   1.478760712632499
   6.479534848028949	   1.540633845105508	   1.438060321792808
   6.577709618453629	   1.501105695815313	   1.378346276730347
   6.675884388878311	   1.442400589507946	   1.299499834184959
   6.774059159302992	   1.364345989584927	   1.201708628699127
   6.872233929727672	   1.267077608354417	   1.085487674715391
   6.970408700152354	    1.15106226153081	  0.9516919227775101
   7.068583470577035	   1.017112284355569	  0.8015189810453942
   7.166758241001715	  0.8663900321545217	  0.6365009872552622
   7.264933011426397	  0.7004013560834499	  0.4584850937139496
   7.363107781851078	  0.5209774228446494	  0.2696025840219636
   7.461282552275758	  0.3302448111598222	 0.07222724023405869
    7.55945732270044	  0.1305844331003517	 -0.1310758189815738
    7.65763209312512	-0.07541954776317417	 -0.3376090506390085
   7.755806863549802	 -0.2850390442021231	 -0.5446069023689917
   7.853981633974483	 -0.4954673623614887	 -0.7493031408738282
   7.952156404399163	 -0.7038878790304145	 -0.9489983207480314
   8.050331174823844	 -0.9075432375570598	  -1.141124609725819
   8.148505945248527	  -1.103802186257029	  -1.323305349696352
   8.246680715673207	  -1.290221329625159	  -1.493407055716721
   8.344855486097888	  -1.464599377077684	   -1.64958200972519
   8.443030256522569	  -1.625021928817726	  -1.790300153342794
   8.541205026947249	  -1.769895394970169	  -1.914369580618704
    8.63937979737193	  -1.897969256728557	  -2.020945531062945
   8.737554567796613	  -2.008346499291534	  -2.109528343271148
   8.835729338221293	  -2.100482631071129	  -2.179951314342555
   8.933904108645974	  -2.174174214176054	  -2.232359794248619
   9.032078879070655	  -2.229538239484091	  -2.267183112422727
   9.130253649495335	  -2.266983969042373	  -2.285101082166926
   9.228428419920018	  -2.287179033867113	  -2.287006862868759
   9.326603190344699	  -2.291011621622379	  -2.273967894176166
   9.424777960769379	  -2.279550529682105	  -2.247186469261591
    9.52295273119406	  -2.254004714116648	  -2.207961308030238
   9.621127501618741	  -2.215683756783937	  -2.157651247997895
   9.719302272043423	   -2.16596042424791	  -2.097641911545105
   9.817477042468104	  -2.106236225643404	   -2.02931595146266
   9.915651812892785	   -2.03791061093836	  -1.954027236558942
   10.01382658331747	  -1.962354201592025	  -1.873079125996421
   10.11200135374215	  -1.880886223469271	  -1.787706801425851
   10.21017612416683	  -1.794756124030296	  -1.699063482832446
   10.30835089459151	  -1.705129205550085	  -1.608210247317881
   10.40652566501619	   -1.61307599362536	  -1.516109097603948
   10.50470043544087	  -1.519564983321651	  -1.423618885107499
   10.60287520586555	  -1.425458360180516	  -1.331493676344432
   10.70104997629023	  -1.331510275149707	  -1.240383156141488
   10.79922474671491	  -1.238367256106991	  -1.150834681681959
    10.8973995171396	  -1.146570358841473	  -1.063296633144481
   10.99557428756428	  -1.056558692306436	 -0.9781227455128538
   11.09374905798896	 -0.9686739923959194	 -0.8955771485839149
   11.19192382841364	 -0.8831659618265131	 -0.8158398855010672
   11.29009859883832	 -0.8001981380361771	 -0.7390127221715971
     11.388273369263	 -0.7198540941412543	 -0.6651250991664222
   11.48644813968768	 -0.6421438183486941	  -0.594140113158067
   11.58462291011236	 -0.5670101537805684	 -0.5259604460747523
   11.68279768053704	 -0.4943352128697061	 -0.4604341867397964
   11.78097245096172	 -0.4239467081349333	 -0.3973605119054258
   11.87914722138641	 -0.3556241643296476	 -0.3364952115595882
   11.97732199181109	 -0.2891049959690328	 -0.2775560576021021
   12.07549676223577	 -0.2240904495037357	  -0.220228025954693
   12.17367153266045	 -0.1602514214209585	 -0.1641683904284907
   12.27184630308513	-0.09723417284385283	 -0.1090117127639885
   12.37002107350981	-0.03466596827874779	-0.05437475769532485
   12.46819584393449	 0.02783932850666182	0.0001386348667213877
   12.56637061435917	 0.09067566450866038	 0.05493268600216927
   12.66454538478385	  0.1542391735176472	  0.1104147858370703
   12.76272015520853	  0.2189224761762103	  0.1669905353951093
   12.86089492563322	  0.2851088607903287	  0.2250586827348726
    12.9590696960579	  0.3531663011536879	  0.2850059126747186
   13.05724446648258	  0.4234412681967756	   0.347201448594562
   13.15541923690726	  0.4962522941581224	   0.411991424631567
   13.25359400733194	  0.5718832516408936	  0.4796929874432868
   13.35176877775662	  0.6505763159316535	  0.5505880891050058
    13.4499435481813	  0.7325245879934443	  0.6249169372579709
   13.54811831860598	  0.8178643683606821	  0.7028710760512284
   13.64629308903066	   0.906667089569156	  0.7845860825213871
   13.74446785945534	  0.9989309375683875	  0.8701338786826459
   13.84264262988003	   1.094572221551908	  0.9595146806165638
   13.94081740030471	   1.193416587441187	   1.052648633078008
   14.03899217072939	   1.295190213283893	   1.149367212278574
   14.13716694115407	   1.399511175148456	   1.249404521077329
   14.23534171157875	   1.505881229307838	   1.352388649993524
   14.33351648200343	   1.613678319567627	   1.457833334004488
   14.43169125242811	   1.722150185674217	   1.565130198155553
   14.52986602285279	   1.830409517049209	   1.673541952978829
   14.62804079327747	   1.937431161752113	   1.782196971058024
   14.72621556370216	   2.042051958499423	   1.890085745170797
   14.82439033412684	   2.142973803478274	    1.99605979147495
   14.92256510455152	   2.238770586185862	   2.098833612119322
    15.0207398749762	   2.327899621331382	   2.196990363200679
   15.11891464540088	   2.408718158255989	   2.288991877904258
   15.21708941582556	   2.479505456888143	   2.373193662094868
   15.31526418625024	   2.538490772607387	   2.447865401693413
   15.41343895667492	   2.583887386416593	   2.511217389835207
    15.5116137270996	   2.613932549889561	    2.56143309091841
   15.60978849752428	   2.626932889645008	   2.596707805232099
   15.70796326794897	   2.621314442800453	    2.61529308344238
   15.80613803837365	   2.595676089111041	    2.61554617217768
   15.90431280879833	   2.548844730721154	   2.595983364547539
   16.00248757922301	   2.479930176941095	   2.555335704379178
   16.10066234964769	   2.388377354959953	   2.492605079302594
   16.19883712007237	   2.274013226635162	    2.40711837079546
   16.29701189049705	   2.137085684586085	   2.298577048124881
   16.39518666092173	   1.978291760915937	   2.167099437632073
   16.49336143134641	   1.798792732383031	   2.013252905163609
    16.5915362017711	   1.600214155787118	   1.838073385274996
   16.68971097219578	   1.384629507799573	   1.643070090317276
   16.78788574262046	   1.154526905588711	    1.43021383231555
   16.88606051304514	  0.9127592999342831	   1.201908167152313
   16.98423528346982	  0.6624794960524696	  0.9609434799165241
    17.0824100538945	  0.4070622929977352	  0.7104351100196877
   17.18058482431918	  0.1500168608143897	  0.4537475891710537
   17.27875959474386	 -0.1051068784724125	  0.1944079529595044
   17.37693436516854	 -0.3548136943196222	-0.06398819106383516
   17.47510913559323	 -0.5957560179616485	 -0.3178736658589856
   17.57328390601791	 -0.8248203077513483	 -0.5638054133929817
   17.67145867644259	  -1.039203119499655	 -0.7985545717892562
   17.76963344686727	  -1.236473867695025	  -1.019187021314651
   17.86780821729195	  -1.414622111262348	  -1.223131111374905
   17.96598298771663	  -1.572088141824152	  -1.408230108133661
   18.06415775814131	     -1.707776613768	   -1.57277785059276
   18.16233252856599	  -1.821053858864754	  -1.715537090501174
   18.26050729899067	  -1.911730310739597	  -1.835740939185683
   18.35868206941536	  -1.980030080374423	  -1.933078683678592
   18.45685683984004	  -2.026550147017137	  -2.007667913247042
   18.55503161026472	  -2.052211853184869	  -2.060015383452406
    18.6532063806894	  -2.058207429225708	  -2.090969326666741
   18.75138115111408	  -2.045944147230924	  -2.101666002892821
   18.84955592153876	  -2.016988450119417	  -2.093473195387559
   18.94773069196344	   -1.97301205789404	  -2.067933125187795
   19.04590546238812	  -1.915741657838412	  -2.026706926029539
    19.1440802328128	  -1.846913373805705	  -1.971522426212341
   19.24225500323748	  -1.768232811011075	  -1.904126563815436
   19.34042977366216	  -1.681341109128749	  -1.826243348000697
   19.43860454408685	  -1.587787122965084	  -1.739537896613265
   19.53677931451153	  -1.489005594647926	  -1.645586746062449
   19.63495408493621	  -1.386300986399683	  -1.545854353473031
   19.73312885536089	  -1.280836506200374	  -1.441675496977269
   19.83130362578557	  -1.173627774374105	  -1.334243126350764
   19.92947839621025	  -1.065540539701967	   -1.22460111787316
   20.02765316663493	 -0.9572918504906907	  -1.113641336845043
   20.12582793705961	 -0.8494541104453095	  -1.002104399942465
   20.22400270748429	 -0.7424614930875951	  -0.890583548608037
   20.32217747790897	 -0.6366182446648306	 -0.7795310854687141
   20.42035224833366	 -0.5321084680075119	 -0.6692668807443674
   20.51852701875834	 -0.4290070438543963	 -0.5599885183389712
   20.61670178918302	 -0.3272914081891793	 -0.4517827166148477
    20.7148765596077	 -0.2268539616090396	 -0.3446377227925103
   20.81305133003238	 -0.1275149380538236	 -0.2384564396571446
   20.91122610045706	-0.02903560446108089	  -0.133070096893892
   21.00940087088174	 0.06886830030173408	-0.02825232577648362
   21.10757564130642	  0.1665129495676341	 0.07626646548651861
    21.2057504117311	  0.2642326764015912	  0.1807844878965721
   21.30392518215578	  0.3623661099425128	  0.2856137889340353
   21.40209995258046	  0.4612422179075997	   0.391065326021916
   21.50027472300515	   0.561166271332687	  0.4974339245962198
   21.59844949342983	  0.6624057531793757	  0.6049831504846097
   21.69662426385451	  0.7651762450480558	  0.7139301357108137
   21.79479903427919	  0.8696273462476151	  0.8244304146880188
   21.89297380470387	  0.9758287073218753	  0.9365628544317472
   21.99114857512855	   1.083756296246501	   1.050314798309981
   22.08932334555323	   1.193279060184853	   1.165567588242324
   22.18749811597791	   1.304146198937492	   1.282082685177909
   22.28567288640259	    1.41597532757504	   1.399488671677317
   22.38384765682727	   1.528241874061749	   1.517269492363092
   22.48202242725196	   1.640270130903092	   1.634754365822018
   22.58019719767664	    1.75122645480077	   1.751109881998716
   22.67837196810132	   1.860115180464112	   1.865334877573171
     22.776546738526	   1.965777878138771	   1.976258752057297
   22.87472150895068	   2.066896631606227	   2.082543941538845
   22.97289627937536	   2.162002035529199	   2.182693295761355
   23.07107104980004	   2.249486598139981	   2.275063096924717
   23.16924582022472	    2.32762417693881	   2.357882403902055
    23.2674205906494	   2.394595961149631	   2.429279292354782
   23.36559536107409	   2.448523336475694	   2.487314379722175
   23.46377013149877	   2.487507719354287	   2.530021767371657
   23.56194490192345	   2.509677128004142	   2.555457198028039
   23.66011967234813	   2.513238870731919	   2.561752819068057
   23.75829444277281	   2.496537290396471	   2.547177473554346
   23.85646921319749	    2.45811502838768	   2.510200932471423
   23.95464398362217	   2.396775791620883	   2.449559964745473
   24.05281875404685	   2.311646159705887	   2.364323656597486
   24.15099352447153	   2.202233600613427	   2.253954985947729
   24.24916829489622	   2.068477618605554	   2.118365381763393
    24.3473430653209	   1.910790882806262	   1.957958901649378
   24.44551783574558	   1.730087315952364	   1.773662785159366
   24.54369260617026	   1.527794484526479	    1.56694151253908
   24.64186737659494	   1.305848228688315	    1.33979212587409
   24.74004214701962	   1.066668285355854	   1.094719434011752
    24.8382169174443	  0.8131146481022937	  0.8346907794487268
   24.93639168786898	  0.5484255078124566	  0.5630712244866513
   25.03456645829366	  0.2761387445792787	  0.2835412249073519
   25.13274122871834	-2.596256543085929e-12	-2.940869769929577e-12
   25.23091599914303	 -0.2761387445844385	 -0.2835412249131951
   25.32909076956771	   -0.54842550781752	 -0.5630712244923806
   25.42726553999239	 -0.8131146481071989	 -0.8346907794542695
   25.52544031041707	  -1.066668285360544	  -1.094719434017041
   25.62361508084175	   -1.30584822869274	  -1.339792125879065
   25.72178985126643	   -1.52779448453059	  -1.566941512543688
   25.81996462169111	  -1.730087315956129	  -1.773662785163565
   25.91813939211579	  -1.910790882809651	  -1.957958901653134
   26.01631416254047	  -2.068477618608547	  -2.118365381766685
   26.11448893296516	  -2.202233600616015	  -2.253954985950544
   26.21266370338984	  -2.311646159708066	  -2.364323656599822
   26.31083847381452	  -2.396775791622658	  -2.449559964747337
    26.4090132442392	  -2.458115028389063	  -2.510200932472828
   26.50718801466388	  -2.496537290397479	  -2.547177473555315
   26.60536278508856	  -2.513238870732576	  -2.561752819068619
   26.70353755551324	  -2.509677128004475	  -2.555457198028224
   26.80171232593792	  -2.487507719354326	  -2.530021767371501
    26.8998870963626	   -2.44852333647547	  -2.487314379721717
   26.99806186678729	  -2.394595961149177	   -2.42927929235406
   27.09623663721197	  -2.327624176938161	  -2.357882403901108
   27.19441140763665	  -2.249486598139167	  -2.275063096923584
   27.29258617806133	  -2.162002035528253	  -2.182693295760073
   27.39076094848601	  -2.066896631605178	  -2.082543941537449
   27.48893571891069	  -1.965777878137648	   -1.97625875205582
   27.58711048933537	   -1.86011518046294	  -1.865334877571643
   27.68528525976005	  -1.751226454799573	  -1.751109881997164
   27.78346003018473	   -1.64027013090189	  -1.634754365820466
   27.88163480060942	   -1.52824187406056	  -1.517269492361563
    27.9798095710341	  -1.415975327573882	  -1.399488671675828
   28.07798434145878	  -1.304146198936378	  -1.282082685176476
   28.17615911188346	  -1.193279060183793	  -1.165567588240961
   28.27433388230814	  -1.083756296245506	  -1.050314798308698
   28.37250865273282	 -0.9758287073209519	 -0.9365628544305529
    28.4706834231575	 -0.8696273462467685	 -0.8244304146869198
   28.56885819358218	 -0.7651762450472923	 -0.7139301357098147
   28.66703296400686	  -0.662405753178696	  -0.604983150483713
   28.76520773443154	 -0.5611662713320926	 -0.4974339245954275
   28.86338250485623	 -0.4612422179070917	 -0.3910653260212286
   28.96155727528091	 -0.3623661099420906	 -0.2856137889334519
   29.05973204570559	  -0.264232676401253	  -0.180784487896091
   29.15790681613027	 -0.1665129495673774	 -0.0762664654861368
   29.25608158655495	-0.06886830030155688	 0.02825232577676884
   29.35425635697963	 0.02903560446118181	   0.133070096894084
   29.45243112740431	  0.1275149380538518	  0.2384564396572482
   29.55060589782899	  0.2268539616089993	  0.3446377227925295
   29.64878066825367	  0.3272914081890742	  0.4517827166147875
   29.74695543867835	  0.4290070438542309	   0.559988518338838
   29.84513020910303	  0.5321084680072914	  0.6692668807441654
   29.94330497952772	  0.6366182446645605	  0.7795310854684494
    30.0414797499524	   0.742461493087279	  0.8905835486077159
   30.13965452037708	  0.8494541104449536	   1.002104399942094
   30.23782929080176	  0.9572918504903013	   1.113641336844629
   30.33600406122644	   1.065540539701549	    1.22460111787271
   30.43417883165112	   1.173627774373665	   1.334243126350284
    30.5323536020758	   1.280836506199917	   1.441675496976767
   30.63052837250048	   1.386300986399219	   1.545854353472516
   30.72870314292516	    1.48900559464746	   1.645586746061928
   30.82687791334984	   1.587787122964624	   1.739537896612749
   30.92505268377453	   1.681341109128303	   1.826243348000194
   31.02322745419921	    1.76823281101065	   1.904126563814956
   31.12140222462389	    1.84691337380531	   1.971522426211894
   31.21957699504857	   1.915741657838056	   2.026706926029133
   31.31775176547325	    1.97301205789373	   2.067933125187441
   31.41592653589793	   2.016988450119162	   2.093473195387267
   31.51410130632261	   2.045944147230733	   2.101666002892598
   31.61227607674729	   2.058207429225587	   2.090969326666598
   31.71045084717197	   2.052211853184827	   2.060015383452352
   31.80862561759665	    2.02655014701718	    2.00766791324708
   31.90680038802133	   1.980030080374555	    1.93307868367873
   32.00497515844602	   1.911730310739824	   1.835740939185925
    32.1031499288707	   1.821053858865079	   1.715537090501522
   32.20132469929538	   1.707776613768423	   1.572777850593215
   32.29949946972006	   1.572088141824672	    1.40823010813422
   32.39767424014474	   1.414622111262964	   1.223131111375566
   32.49584901056942	   1.236473867695731	   1.019187021315408
   32.59402378099411	   1.039203119500447	  0.7985545717901006
   32.69219855141878	  0.8248203077522158	  0.5638054133939041
   32.79037332184347	   0.595756017962583	  0.3178736658599742
   32.88854809226815	  0.3548136943206116	 0.06398819106487647
   32.98672286269283	  0.1051068784734442	 -0.1944079529584242
   33.08489763311751	 -0.1500168608133293	 -0.4537475891699499
   33.18307240354219	 -0.4070622929966596	 -0.7104351100185752
   33.28124717396687	 -0.6624794960513929	 -0.9609434799154185
   33.37942194439155	 -0.9127592999332197	  -1.201908167151229
   33.47759671481623	  -1.154526905587674	  -1.430213832314502
   33.57577148524091	  -1.384629507798576	  -1.643070090316276
    33.6739462556656	  -1.600214155786172	  -1.838073385274056
   33.77212102609028	  -1.798792732382146	  -2.013252905162738
   33.87029579651496	  -1.978291760915122	  -2.167099437631278
   33.96847056693964	  -2.137085684585346	  -2.298577048124169
   34.06664533736432	  -2.274013226634504	  -2.407118370794834
     34.164820107789	  -2.388377354959379	  -2.492605079302056
   34.26299487821368	  -2.479930176940604	  -2.555335704378729
   34.36116964863836	  -2.548844730720748	  -2.595983364547176
   34.45934441906304	  -2.595676089110716	  -2.615546172177402
   34.55751918948772	  -2.621314442800207	  -2.615293083442182
    34.6556939599124	  -2.626932889644837	  -2.596707805231974
   34.75386873033709	  -2.613932549889457	  -2.561433090918355
   34.85204350076177	  -2.583887386416553	  -2.511217389835213
   34.95021827118645	  -2.538490772607405	  -2.447865401693473
   35.04839304161113	  -2.479505456888209	  -2.373193662094977
   35.14656781203581	  -2.408718158256098	  -2.288991877904407
   35.24474258246049	  -2.327899621331528	  -2.196990363200863
   35.34291735288517	  -2.238770586186038	  -2.098833612119535
   35.44109212330985	  -2.142973803478475	  -1.996059791475184
   35.53926689373453	  -2.042051958499642	  -1.890085745171047
   35.63744166415922	  -1.937431161752346	  -1.782196971058284
    35.7356164345839	  -1.830409517049449	  -1.673541952979096
   35.83379120500858	  -1.722150185674464	  -1.565130198155822
   35.93196597543326	  -1.613678319567875	  -1.457833334004757
   36.03014074585794	  -1.505881229308086	  -1.352388649993789
   36.12831551628262	  -1.399511175148701	  -1.249404521077589
    36.2264902867073	  -1.295190213284133	  -1.149367212278827
   36.32466505713198	  -1.193416587441423	  -1.052648633078254
   36.42283982755666	  -1.094572221552138	 -0.9595146806168027
   36.52101459798134	 -0.9989309375686126	 -0.8701338786828777
   36.61918936840603	 -0.9066670895693769	 -0.7845860825216121
   36.71736413883071	 -0.8178643683608995	 -0.7028710760514481
   36.81553890925539	 -0.7325245879936605	 -0.6249169372581868
   36.91371367968007	 -0.6505763159318696	 -0.5505880891052203
   37.01188845010475	  -0.571883251641112	  -0.479692987443502
   37.11006322052943	 -0.4962522941583465	 -0.4119914246317861
   37.20823799095411	 -0.4234412681970081	 -0.3472014485947875
   37.30641276137879	  -0.353166301153932	  -0.285005912674954
   37.40458753180347	 -0.2851088607905878	 -0.2250586827351209
   37.50276230222816	 -0.2189224761764869	 -0.1669905353953764
   37.60093707265283	 -0.1542391735179459	 -0.1104147858373574
   37.69911184307752	-0.09067566450898457	-0.05493268600248075
    37.7972866135022	-0.02783932850701487	-0.00013863486706156
   37.89546138392688	 0.03466596827836166	 0.05437475769495181
   37.99363615435156	 0.09723417284343072	  0.1090117127635779
   38.09181092477624	  0.1602514214204971	  0.1641683904280412
   38.18998569520092	   0.224090449503231	  0.2202280259541993
    38.2881604656256	  0.2891049959684833	  0.2775560576015617
   38.38633523605029	   0.355624164329049	  0.3364952115589981
   38.48451000647496	  0.4239467081342851	  0.3973605119047828
   38.58268477689965	  0.4943352128690066	  0.4604341867390983
   38.68085954732432	  0.5670101537798161	  0.5259604460739982
   38.77903431774901	  0.6421438183478885	  0.5941401131572546
   38.87720908817369	  0.7198540941403955	   0.665125099165552
   38.97538385859837	  0.8001981380352672	  0.7390127221706699
   39.07355862902305	  0.8831659618255543	  0.8158398855000836
   39.17173339944773	  0.9686739923949138	  0.8955771485828774
   39.26990816987242	   1.056558692305388	  0.9781227455117658
   39.36808294029709	   1.146570358840389	   1.063296633143346
   39.46625771072178	   1.238367256105877	   1.150834681680784
   39.56443248114645	   1.331510275148571	   1.240383156140278
   39.66260725157114	   1.425458360179368	   1.331493676343197
   39.76078202199582	   1.519564983320502	   1.423618885106249
    39.8589567924205	   1.613075993624222	   1.516109097602694
   39.95713156284518	   1.705129205548972	   1.608210247316636
   40.05530633326986	   1.794756124029224	   1.699063482831225
   40.15348110369455	   1.880886223468257	   1.787706801424671
   40.25165587411922	   1.962354201591085	   1.873079125995298
   40.34983064454391	   2.037910610937518	   1.954027236557897
   40.44800541496858	   2.106236225642676	   2.029315951461712
   40.54618018539327	   2.165960424247317	   2.097641911544275
   40.64435495581795	   2.215683756783502	   2.157651247997205
   40.74252972624263	   2.254004714116389	   2.207961308029711
   40.84070449666731	   2.279550529682044	   2.247186469261249
   40.93887926709199	   2.291011621622534	    2.27396789417603
   41.03705403751668	   2.287179033867502	   2.287006862868849
   41.13522880794135	   2.266983969043011	   2.285101082167261
   41.23340357836604	   2.229538239484989	   2.267183112423323
   41.33157834879071	   2.174174214177221	   2.232359794249489
    41.4297531192154	   2.100482631072569	   2.179951314343708
   41.52792788964008	   2.008346499293247	   2.109528343272591
   41.62610266006476	   1.897969256730537	   2.020945531064679
   41.72427743048944	   1.769895394972407	   1.914369580620723
   41.82245220091412	   1.625021928820206	   1.790300153345089
   41.92062697133881	   1.464599377080385	   1.649582009727746
   42.01880174176348	   1.290221329628057	   1.493407055719517
   42.11697651218817	   1.103802186260094	   1.323305349699363
   42.21515128261284	  0.9075432375602571	   1.141124609729013
   42.31332605303753	  0.7038878790337071	  0.9489983207513746
   42.41150082346221	  0.4954673623648369	  0.7493031408772823
   42.50967559388689	  0.2850390442054861	   0.544606902372515
   42.60785036431157	 0.07541954776651172	  0.3376090506425584
   42.70602513473625	 -0.1305844330970811	  0.1310758189851069
   42.80419990516093	 -0.3302448111566585	-0.07222724023058658
   42.90237467558561	 -0.5209774228416275	 -0.2696025840185927
    43.0005494460103	 -0.7004013560806041	 -0.4584850937107195
   43.09872421643497	 -0.8663900321518805	 -0.6365009872522093
   43.19689898685966	  -1.017112284353158	 -0.8015189810425505
   43.29507375728434	  -1.151062261528649	  -0.951691922774902
   43.39324852770902	  -1.267077608352519	  -1.085487674713041
    43.4914232981337	  -1.364345989583303	   -1.20170862869705
   43.58959806855838	    -1.4424005895066	   -1.29949983418317
   43.68777283898306	  -1.501105695814244	  -1.378346276728851
   43.78594760940774	  -1.540633845104713	  -1.438060321791605
   43.88412237983242	  -1.561436252452888	  -1.478760712631586
    43.9822971502571	  -1.564208368703106	  -1.500844767628688
   44.08047192068179	  -1.549852414635076	   -1.50495555846158
   44.17864669110647	  -1.519438646784603	  -1.491945872992157
   44.27682146153115	  -1.474166936207076	  -1.462840689583074
   44.37499623195583	  -1.415330011852713	   -1.41879973229748
   44.47317100238051	  -1.344279457398384	   -1.36108146092585
   44.57134577280519	  -1.262395275320164	  -1.291009598273449
   44.66952054322987	  -1.171059562415597	   -1.20994303024638
   44.76769531365455	  -1.071634590654164	  -1.119249649683404
   44.86587008407923	 -0.9654453657489921	  -1.020284466570173
   44.96404485450391	 -0.8537665488597961	 -0.9143720852339977
   45.06221962492859	 -0.7378134765781966	 -0.8027934595039095
   45.16039439535328	 -0.6187369002729979	 -0.6867766823921909
   45.25856916577796	 -0.4976209854217272	 -0.5674914476017995
   45.35674393620264	  -0.375484060854178	 -0.4460467340172896
   45.45491870662732	 -0.2532815823400053	 -0.3234912078546975
     45.553093477052	 -0.1319107699742899	 -0.2008158061495551
   45.65126824747668	-0.01221638991286034	-0.07895795536026046
   45.74944301790136	  0.1050028257284199	 0.04119311414045335
   45.84761778832604	  0.2189875947884998	  0.1587904767365572
   45.94579255875072	  0.3290117720728369	  0.2730235321563463
    46.0439673291754	   0.434376699265397	  0.3831123886436104
   46.14214209960009	  0.5344065622981619	  0.4883030151027337
   46.24031687002477	  0.6284450501631338	  0.5878635190827418
   46.33849164044945	  0.7158535552612144	  0.6810818530886538
   46.43666641087413	  0.7960110979105843	  0.7672651924881939
   46.53484118129881	  0.8683160962266289	  0.8457411640139803
   46.63301595172349	  0.9321900369627805	  0.9158610343234901
   46.73119072214817	  0.9870830330532981	  0.9770048932283393
   46.82936549257285	   1.032481179932561	     1.0285887863681
   46.92754026299753	   1.067915546186883	   1.070073668151973
   47.02571503342222	   1.092972556348813	   1.100975959275188
   47.12388980384689	    1.10730544700377	   1.120879406357297
   47.22206457427158	   1.110646404873747	   1.129447857362107
   47.32023934469626	   1.102818930809561	   1.126438489296413
   47.41841411512094	   1.083749920737712	   1.111714958688864
   47.51658888554562	    1.05348091783393	    1.08525989530791
    47.6147636559703	   1.012177973659724	     1.0471861302844
   47.71293842639498	  0.9601395633104646	  0.9977460456535414
   47.81111319681966	   0.897802033469276	  0.9373384568551657
   47.90928796724435	  0.8257421240068747	  0.8665124951372422
   48.00746273766902	  0.7446761931215573	  0.7859680435542967
   48.10563750809371	  0.6554558907898391	  0.6965523967260664
   48.20381227851839	  0.5590601613255458	  0.5992529568621476
   48.30198704894307	  0.4565836070539527	  0.4951859406778253
   48.40016181936775	  0.3492214038088707	  0.3855812456480568
   48.49833658979243	  0.2382511163108656	   0.271763799965599
   48.59651136021711	  0.1250119081070172	  0.1551318881086109
   48.69468613064179	 0.01088176746006614	 0.03713309253490202
   48.79286090106648	  -0.102746530870867	-0.08076138804557942
   48.89103567149115	 -0.2144899441934867	 -0.1970832002173496
   48.98921044191584	 -0.3229993522672501	 -0.3103931929871314
   49.08738521234051	 -0.4269826269875349	 -0.4193067909660014
    49.1855599827652	  -0.525225844500997	 -0.5225175538022249
   49.28373475318988	 -0.6166119943974713	 -0.6188181833273387
   49.38190952361456	 -0.7001366618543408	 -0.7071183664102064
   49.48008429403924	 -0.7749203016206139	 -0.7864589948023666
   49.57825906446392	 -0.8402168784808848	 -0.8560224733243333
   49.67643383488861	 -0.8954188079469338	 -0.9151390039973817
   49.77460860531328	 -0.9400582843899356	  -0.963288905831299
   49.87278337573797	 -0.9738052236897143	  -1.000101188625689
   49.97095814616264	 -0.9964621673184861	  -1.025348736667159
   50.06913291658733	  -1.007956590032359	  -1.038940569004072
   50.16730768701201	  -1.008331121436064	   -1.04091172370307
   50.26548245743669	 -0.9977322319647078	  -1.031411363011558
   50.36365722786137	 -0.9763979473598373	  -1.010689715557911
   50.46183199828605	 -0.9446451449715223	 -0.9790844631706122
   50.56000676871074	 -0.9028569536686801	 -0.9370071473710786
   50.65818153913541	 -0.8514707308610456	 -0.8849301186331257
    50.7563563095601	 -0.7909670294123651	  -0.823374484949969
   50.85453107998477	 -0.7218598982085698	 -0.7528994398570719
   50.95270585040946	 -0.6446887865882762	 -0.6740932681587755
   51.05088062083414	 -0.5600122479048381	 -0.5875662438859577
   51.14905539125882	 -0.4684035636265383	 -0.4939455523783323
    51.2472301616835	 -0.3704483383152843	 -0.3938722889203956
   51.34540493210818	 -0.2667440485695895	 -0.2880005113511622
   51.44357970253287	 -0.1579014659665969	 -0.1769982540979108
   51.54175447295754	-0.04454781508041583	 -0.0615503461703944
   51.63992924338223	 0.07266852767335791	 0.05763718458658362
    51.7381040138069	  0.1930720409661012	  0.1798313948401252
   51.83627878423159	  0.3159530678934529	  0.3042657232570204
   51.93445355465627	  0.4405601725860685	  0.4301326783193516
   52.03262832508095	   0.566092235549577	  0.5565763393373233
   52.13080309550563	  0.6916907238159195	  0.6826851367921531
   52.22897786593031	  0.8164326136789775	  0.8074854168553125
   52.32715263635499	  0.9393244808061586	    0.92993632717638
   52.42532740677967	   1.059298302280693	   1.048926584043953
   52.52350217720436	    1.17520953417757	   1.163273691189748
   52.62167694762903	   1.285838032321541	   1.271726173453679
   52.71985171805372	   1.389892367945331	   1.372969359319292
    52.8180264884784	   1.486018048662316	    1.46563518977639
   52.91620125890308	   1.572810083065267	   1.548316442085484
   53.01437602932776	   1.648830219448612	   1.619585631614423
   53.11255079975244	   1.712629041905001	   1.678018690303365
   53.21072557017712	   1.762772918626746	   1.722223316102483
    53.3089003406018	   1.797875568732165	   1.750871646640122
   53.40707511102649	   1.816633750058861	   1.762736638982709
   53.50524988145116	   1.817866280155261	   1.756731246580736
   53.60342465187585	   1.800555299896277	   1.731949189864105
   53.70159942230053	   1.763888392156444	   1.687705838248553
   53.79977419272521	   1.707299899276094	   1.623577481754578
   53.89794896314989	   1.630509567960439	   1.539437095134935
   53.99612373357457	   1.533556514963168	   1.435484611226477
   54.09429850399925	   1.416826475997292	   1.312269745162803
   54.19247327442393	   1.281070393781439	   1.170705563269755
   54.29064804484861	   1.127412631339204	   1.012071277424466
   54.38882281527329	  0.9573474656195682	  0.8380031638908975
   54.48699758569798	  0.7727230138276556	  0.6504730392116325
   54.58517235612265	  0.5757123469979127	  0.4517543461254591
   54.68334712654734	  0.3687722162754722	  0.2443765700068791
   54.78152189697202	  0.1545905109294598	 0.03106937309339955
    54.8796966673967	-0.06397576910399339	  -0.185301552005719
   54.97787143782138	 -0.2839696629369268	 -0.4018043968029699
   55.07604620824606	 -0.5024077095202546	 -0.6155140421794437
   55.17422097867074	 -0.7163546319005021	 -0.8235846912426915
   55.27239574909542	 -0.9229960770198613	  -1.023319275873802
    55.3705705195201	   -1.11970636605434	  -1.212232786416212
   55.46874528994478	  -1.304108525243642	  -1.388107053209901
   55.56692006036947	  -1.474124346018746	  -1.549035030387493
   55.66509483079415	  -1.628012824213275	  -1.693453251876456
   55.76326960121883	   -1.76439600069658	  -1.820161796065581
   55.86144437164351	  -1.882271916143858	  -1.928331757551802
   55.95961914206819	  -1.981015049515507	   -2.01750083467205
   56.05779391249287	  -2.060365189060731	  -2.087558161648604
   56.15596868291755	  -2.120406153015393	   -2.13871991705638
   56.25414345334223	  -2.161536114149188	  -2.171497511520025
   56.35231822376691	  -2.184431480578503	  -2.186660294980789
   56.45049299419159	  -2.190006349458212	  -2.185194736247757
   56.54866776461628	  -2.179369494764801	  -2.168261931940906
   56.64684253504096	  -2.153780696800732	  -2.137155120911921
   56.74501730546564	  -2.114607994590061	  -2.093258638942098
   56.84319207589032	  -2.063287169310913	  -2.038009472085235
     56.941366846315	  -2.001284472229432	  -1.972862278449687
   57.03954161673968	  -1.930063315981068	  -1.899258466929405
   57.13771638716436	  -1.851055370914698	  -1.818599662450257
   57.23589115758904	  -1.765636261241092	   -1.73222566113559
   57.33406592801372	  -1.675105846887641	    -1.6413967914718
   57.43224069843841	  -1.580672910005308	  -1.547280451298115
   57.53041546886308	  -1.483443940233182	  -1.450941484391021
   57.62859023928777	   -1.38441562764062	  -1.353335991413505
   57.72676500971245	  -1.284470622418851	  -1.255308133400467
   57.82493978013713	  -1.184376100471071	  -1.157589476293426
   57.92311455056181	  -1.084784678191288	  -1.060800436620836
   58.02128932098649	 -0.9862372421222371	 -0.9654534157406576
   58.11946409141117	 -0.8891672944537017	 -0.8719572481102245
   58.21763886183585	 -0.7939064587258776	 -0.7806226334918203
   58.31581363226054	 -0.7006908376688427	 -0.6916682702682493
   58.41398840268521	 -0.6096679636729788	 -0.6052274543277277
    58.5121631731099	  -0.520904129554173	 -0.5213549532038303
   58.61033794353457	 -0.4343919313609827	 -0.4400340068943479
   58.70851271395926	 -0.3500578948831815	 -0.3611833441553174
   58.80668748438394	 -0.2677700926746306	 -0.2846641356464584
   58.90486225480862	 -0.1873456886015998	 -0.2102868330157099
    59.0030370252333	 -0.1085583722630759	 -0.1378178660360132
   59.10121179565798	-0.03114566639379468	-0.06698618860601385
   59.19938656608267	 0.04518389303510278	0.002510320736586247
   59.29756133650734	  0.1207436913933634	  0.0709985866514205
   59.39573610693203	   0.195862062342109	   0.138824167390135
    59.4939108773567	  0.2708753779782155	  0.2063451556638329
   59.59208564778139	  0.3461211685758578	  0.2739261135561797
   59.69026041820607	  0.4219312361173574	  0.3419320023487341
   59.78843518863075	  0.4986247256632885	  0.4107220668434441
   59.88660995905543	  0.5765011205228052	  0.4806436338171554
   59.98478472948011	  0.6558331312564897	  0.5520257856550069
    60.0829594999048	  0.7368594549999472	  0.6251728731390886
   60.18113427032947	  0.8197773907657435	  0.7003578360926347
   60.27930904075416	  0.9047353086762526	  0.7778153074877883
   60.37748381117883	  0.9918249869667939	   0.857734486203434
   60.47565858160352	   1.081073850557011	  0.9402517764306648
    60.5738333520282	   1.172437169461527	   1.025443208372573
   60.67200812245288	    1.26579030463996	   1.113316675979459
   60.77018289287756	   1.360921123234587	   1.203804053555142
   60.86835766330224	   1.457522744406349	   1.296753284599467
   60.96653243372693	    1.55518682068162	   1.391920573447895
    61.0647072041516	   1.653397606909014	   1.488962853061857
   61.16288197457629	   1.751527118052762	   1.587430750231362
   61.26105674500096	   1.848831725877686	   1.686762321458158
   61.35923151542565	   1.944450590094521	   1.786277887217991
   61.45740628585033	   2.037406357895472	   1.885176346701673
   61.55558105627501	   2.126608592374277	   1.982533406179988
   61.65375582669969	   2.210860399739468	     2.0773021975725
   61.75193059712437	   2.288868711638164	   2.168316794452616
   61.85010536754906	   2.359258636287207	   2.254299144605934
   61.94828013797373	   2.420592214747912	   2.333869924803976
   62.04645490839842	   2.471391801809173	   2.405563777877272
   62.14462967882309	    2.51016813148545	   2.467849308014844
   62.24280444924778	   2.535452924555871	    2.51915408206543
   62.34097921967246	   2.545835652730898	   2.557894708953033
   62.43915399009714	   2.540003797965065	    2.58251184549445
   62.53732876052182	   2.516785647888443	    2.59150970811601
    62.6355035309465	   2.475194365957827	   2.583499364139113
   62.73367830137118	   2.414471788953357	   2.557244746728375
   62.83185307179586	   2.334130159694569	   2.511710003126177
   62.93002784222055	   2.233989826092609	   2.446106470458893
   63.02820261264522	   2.114210855277096	   2.359937305262316
   63.12637738306991	    1.97531654667464	   2.253037602116913
   63.22455215349459	   1.818206997335085	   2.125607752995148
   63.32272692391927	   1.644161183870506	   1.978237847796031
   63.42090169434395	   1.454826473603228	   1.811921116283812
   63.51907646476863	   1.252195045125535	   1.628054769549403
   63.61725123519331	   1.038567354342413	    1.42842710880412
   63.71542600561799	  0.8165034833904621	   1.215190409242044
   63.81360077604267	  0.5887639053982646	  0.9908198202849117
   63.91177554646735	   0.358241832998393	  0.7580593012178096
   64.00995031689203	  0.1278898398916499	  0.5198563745484026
   64.10812508731672	-0.09935619256358569	  0.2792881665168483
    64.2062998577414	 -0.3206525800119145	 0.03948175633994777
   64.30447462816608	 -0.5333196018777234	 -0.1964677759468096
   64.40264939859075	 -0.7349065788451042	 -0.4255780621863108
   64.50082416901544	  -0.923247729014362	 -0.6450554585794968
   64.59899893944012	  -1.096506834626077	 -0.8523632009510245
    64.6971737098648	  -1.253209411252818	  -1.045279045404185
   64.79534848028948	  -1.392261773220634	  -1.221940387622607
   64.89352325071417	  -1.512957078544373	   -1.38087559935827
   64.99169802113884	  -1.614969065090985	  -1.521021098952452
   65.08987279156352	  -1.698334717999126	  -1.641724423948499
   65.18804756198821	   -1.76342751003318	  -1.742734245287073
   65.28622233241289	  -1.810923118508309	  -1.824178813503895
   65.38439710283757	  -1.841759644629862	  -1.886534731695508
   65.48257187326224	  -1.857094354596149	  -1.930588197052244
   65.58074664368694	  -1.858258846057965	  -1.957390946037593
   65.67892141411161	   -1.84671434321673	  -1.968213093217863
   65.77709618453629	  -1.824008565857521	  -1.964494894254875
   65.87527095496097	  -1.791735328295925	   -1.94779921853538
   65.97344572538566	   -1.75149772725053	  -1.919766216677214
   66.07162049581034	  -1.704875492632462	  -1.882071341642483
   66.16979526623501	   -1.65339681694218	  -1.836387554705139
    66.2679700366597	  -1.598514757195082	  -1.784352239383641
   66.36614480708438	  -1.541588123248886	  -1.727539072394885
   66.46431957750906	  -1.483866629293594	  -1.667434869915782
   66.56249434793374	  -1.426479989162488	     -1.605421244153
   66.66066911835843	  -1.370430576843245	  -1.542760769453816
    66.7588438887831	   -1.31658924550586	  -1.480587265794415
   66.85701865920778	  -1.265693895231883	  -1.419899755126597
   66.95519342963246	  -1.218350395062732	  -1.361559626154913
   67.05336820005715	  -1.175035492994409	  -1.306290548575142
   67.15154297048183	  -1.136101382832364	  -1.254680701681177
    67.2497177409065	  -1.101781634959741	  -1.207186918163297
    67.3478925113312	   -1.07219823560083	  -1.164140386358189
   67.44606728175587	  -1.047369513575414	   -1.12575359866468
   67.54424205218055	  -1.027218763237381	  -1.092128276862809
   67.64241682260523	   -1.01158339647313	  -1.063264044246434
   67.74059159302992	  -1.000224475178998	  -1.039067648314978
    67.8387663634546	 -0.9928364889577374	  -1.019362565591236
   67.93694113387927	 -0.9890572516829961	  -1.003898841927082
   68.03511590430395	 -0.9884777961465205	 -0.9923630379279548
   68.13329067472864	 -0.9906521494232419	 -0.9843881607345999
   68.23146544515332	 -0.9951068740764296	  -0.979563471435814
     68.329640215578	  -1.001350263008071	   -0.97744406303634
   68.42781498600269	  -1.008881079607482	 -0.9775601083481064
   68.52598975642736	  -1.017196740616482	 -0.9794256814907097
   68.62416452685204	  -1.025800847314403	 -0.9825470617924823
   68.72233929727672	  -1.034209981468946	 -0.9864304354779978
   68.82051406770141	  -1.041959695981097	 -0.9905889190738446
   68.91868883812609	  -1.048609646022802	 -0.9945488391794046
   69.01686360855076	  -1.053747824278773	 -0.9978552161165384
   69.11503837897544	  -1.056993883065939	  -1.000076413766836
   69.21321314940013	   -1.05800154592932	  -1.000807934231907
   69.31138791982481	  -1.056460131076534	 -0.9996753532897471
   69.40956269024949	  -1.052095228003178	 -0.9963364103701087
   69.50773746067418	  -1.044668586225488	 -0.9904822843070699
   69.60591223109886	  -1.033977290618598	 -0.9818381028379226
   69.70408700152353	  -1.019852311024831	  -0.970162749149994
   69.80226177194821	  -1.002156524250909	 -0.9552480422643905
    69.9004365423729	 -0.9807823141627694	 -0.9369173793289942
   69.99861131279758	 -0.9556488602947818	 -0.9150239367335926
   70.09678608322226	 -0.9266992273230539	 -0.8894485332402595
   70.19496085364695	 -0.8938973671180899	 -0.8600972620397075
   70.29313562407162	 -0.8572251421762958	 -0.8268989998980156
    70.3913103944963	 -0.8166794743689423	 -0.7898029005286824
   70.48948516492098	 -0.7722697165010147	 -0.7487759762527052
   70.58765993534567	 -0.7240153364984622	  -0.703800867169881
   70.68583470577035	 -0.6719439954727027	 -0.6548738907440981
   70.78400947619502	 -0.6160900917326861	 -0.6020034571786438
    70.8821842466197	 -0.5564938332531522	 -0.5452089274661563
   70.98035901704439	 -0.4932008913157977	 -0.4845199817337381
   71.07853378746907	 -0.4262626780901932	 -0.4199765555949889
   71.17670855789375	 -0.3557372808012249	 -0.3516293917219573
   71.27488332831844	 -0.2816910747423849	 -0.2795412427365548
   71.37305809874312	 -0.2042010265608263	 -0.2037887496877215
   71.47123286916779	 -0.1233576877070037	 -0.1244650076444151
   71.56940763959247	-0.03926886539115459	-0.04168281604238655
   71.66758241001716	 0.04793605554687752	 0.04442140393597804
   71.76575718044184	  0.1381011821665608	  0.1336830598442769
   71.86393195086652	  0.2310386345703825	  0.2259042605674952
   71.96210672129119	  0.3265225993427525	  0.3208481871608644
   72.06028149171588	  0.4242830192972087	  0.4182330627560022
   72.15845626214056	  0.5239990499380649	  0.5177258500427946
   72.25663103256524	  0.6252924425148914	  0.6189358355238556
   72.35480580298993	   0.727721045879828	  0.7214082932082855
   72.45298057341461	  0.8307726540167883	  0.8246184561322568
   72.55115534383928	  0.9338594621789884	  0.9279660611485325
   72.64933011426396	   1.036313430665376	   1.030770769435493
   72.74750488468865	   1.137382889478987	   1.132268800229053
   72.84567965511333	   1.236230746960943	   1.231611145892132
   72.94385442553801	   1.331934687918852	   1.327863759530359
   73.04202919596268	   1.423489758157139	   1.420010118308939
   73.14020396638738	    1.50981372861341	   1.506956562339897
   73.23837873681205	   1.589755609191094	   1.587540786136031
   73.33655350723673	   1.662107635551091	   1.660543812820124
   73.43472827766142	   1.725620977674579	   1.724705706576579
    73.5329030480861	   1.779025313896562	   1.778745173148424
   73.63107781851078	   1.821052276724838	    1.82138305986047
   73.72925258893545	   1.850462607522266	   1.851369596077503
   73.82742735936014	   1.866076659085036	   1.867515015217865
   73.92560212978482	   1.866807664467703	   1.868722976629557
    74.0237769002095	   1.851696956711258	   1.854025969481854
   74.12195167063418	   1.819950090545597	   1.822621644557643
   74.22012644105887	   1.770972599949082	    1.77390879988965
   74.31830121148354	   1.704403943325196	   1.707521561434193
   74.41647598190822	   1.620148060788367	   1.623360170439025
   74.51465075233291	   1.518398914833476	   1.521616734280279
   74.61282552275759	    1.39965942304384	   1.402794334104311
   74.71100029318227	   1.264752331162538	   1.267718022507027
   74.80917506360694	   1.114821821547761	   1.117536492585102
   74.90734983403163	  0.9513250018476059	  0.9537135521293808
   75.00552460445631	  0.7760128581505455	  0.7780089799059156
   75.10369937488099	  0.5909007627974479	  0.5924488515793305
   75.20187414530567	  0.3982291679625838	  0.3992859690327358
   75.30004891573036	  0.2004156544022628	  0.2009515705855341
   75.39822368615503	-6.077360836798107e-13	-6.357137039003646e-13
   75.49639845657971	 -0.2004156544034716	 -0.2009515705867987
    75.5945732270044	 -0.3982291679637696	  -0.399285969033977
   75.69274799742908	 -0.5909007627985978	 -0.5924488515805344
   75.79092276785376	  -0.776012858151645	 -0.7780089799070673
   75.88909753827843	 -0.9513250018486441	  -0.953713552130468
   75.98727230870313	  -1.114821821548726	  -1.117536492586115
    76.0854470791278	  -1.264752331163422	  -1.267718022507955
   76.18362184955248	  -1.399659423044635	  -1.402794334105146
   76.28179661997716	  -1.518398914834176	  -1.521616734281015
   76.37997139040185	  -1.620148060788968	  -1.623360170439659
   76.47814616082653	  -1.704403943325697	  -1.707521561434723
    76.5763209312512	  -1.770972599949483	  -1.773908799890076
   76.67449570167589	  -1.819950090545899	  -1.822621644557966
   76.77267047210057	  -1.851696956711464	  -1.854025969482077
   76.87084524252525	  -1.866807664467816	  -1.868722976629685
   76.96902001294993	  -1.866076659085063	  -1.867515015217902
   77.06719478337462	  -1.850462607522211	  -1.851369596077456
   77.16536955379929	  -1.821052276724709	  -1.821383059860347
   77.26354432422397	  -1.779025313896365	   -1.77874517314823
   77.36171909464865	  -1.725620977674324	  -1.724705706576323
   77.45989386507334	  -1.662107635550782	  -1.660543812819814
   77.55806863549802	  -1.589755609190739	  -1.587540786135673
   77.65624340592269	  -1.509813728613017	    -1.5069565623395
   77.75441817634739	  -1.423489758156713	  -1.420010118308509
   77.85259294677206	  -1.331934687918402	  -1.327863759529903
   77.95076771719674	  -1.236230746960474	  -1.231611145891657
   78.04894248762142	  -1.137382889478504	  -1.132268800228563
   78.14711725804611	  -1.036313430664884	  -1.030770769434994
   78.24529202847079	  -0.933859462178491	 -0.9279660611480278
   78.34346679889546	 -0.8307726540162893	 -0.8246184561317519
   78.44164156932014	 -0.7277210458793311	 -0.7214082932077832
   78.53981633974483	 -0.6252924425144001	 -0.6189358355233583
   78.63799111016951	 -0.5239990499375811	 -0.5177258500423046
   78.73616588059419	 -0.4242830192967343	 -0.4182330627555223
   78.83434065101888	 -0.3265225993422867	 -0.3208481871603946
   78.93251542144355	 -0.2310386345699292	 -0.2259042605670375
   79.03069019186823	 -0.1381011821661196	 -0.1336830598438322
   79.12886496229291	-0.04793605554644842	-0.04442140393554517
    79.2270397327176	 0.03926886539157148	  0.0416828160428061
   79.32521450314228	  0.1233576877074085	  0.1244650076448224
   79.42338927356695	  0.2042010265612191	  0.2037887496881169
   79.52156404399163	  0.2816910747427659	  0.2795412427369384
   79.61973881441632	  0.3557372808015958	  0.3516293917223304
     79.717913584841	  0.4262626780905545	  0.4199765555953534
   79.81608835526568	  0.4932008913161492	  0.4845199817340928
   79.91426312569037	  0.5564938332534958	  0.5452089274665036
   80.01243789611505	  0.6160900917330231	  0.6020034571789852
   80.11061266653972	  0.6719439954730329	  0.6548738907444339
    80.2087874369644	  0.7240153364987874	  0.7038008671702123
   80.30696220738909	  0.7722697165013348	  0.7487759762530325
   80.40513697781377	  0.8166794743692594	  0.7898029005290068
   80.50331174823845	  0.8572251421766098	  0.8268989998983395
   80.60148651866312	  0.8938973671184013	  0.8600972620400302
   80.69966128908781	  0.9266992273233636	  0.8894485332405817
   80.79783605951249	  0.9556488602950892	  0.9150239367339151
   80.89601082993717	  0.9807823141630752	  0.9369173793293168
   80.99418560036186	   1.002156524251213	  0.9552480422647129
   81.09236037078654	   1.019852311025133	  0.9701627491503171
   81.19053514121121	   1.033977290618899	  0.9818381028382451
   81.28870991163589	   1.044668586225785	  0.9904822843073919
   81.38688468206058	   1.052095228003473	  0.9963364103704289
   81.48505945248526	   1.056460131076823	  0.9996753532900661
   81.58323422290994	   1.058001545929602	   1.000807934232222
   81.68140899333463	   1.056993883066215	   1.000076413767147
   81.77958376375931	   1.053747824279041	  0.9978552161168427
   81.87775853418398	    1.04860964602306	  0.9945488391797008
   81.97593330460866	   1.041959695981341	  0.9905889190741315
   82.07410807503335	   1.034209981469176	  0.9864304354782725
   82.17228284545803	   1.025800847314617	   0.982547061792743
   82.27045761588271	   1.017196740616678	  0.9794256814909548
   82.36863238630738	   1.008881079607657	  0.9775601083483333
   82.46680715673207	   1.001350263008224	   0.977444063036546
   82.56498192715675	  0.9951068740765568	  0.9795634714359975
   82.66315669758143	  0.9906521494233426	  0.9843881607347581
   82.76133146800612	  0.9884777961465924	  0.9923630379280856
    82.8595062384308	  0.9890572516830358	   1.003898841927184
   82.95768100885547	   0.992836488957745	   1.019362565591307
   83.05585577928015	   1.000224475178971	   1.039067648315016
   83.15403054970484	   1.011583396473068	   1.063264044246437
   83.25220532012952	   1.027218763237281	   1.092128276862776
    83.3503800905542	   1.047369513575276	    1.12575359866461
   83.44855486097887	   1.072198235600654	   1.164140386358081
   83.54672963140357	   1.101781634959524	   1.207186918163152
   83.64490440182824	   1.136101382832109	   1.254680701680994
   83.74307917225292	   1.175035492994116	   1.306290548574921
   83.84125394267761	     1.2183503950624	   1.361559626154654
   83.93942871310229	   1.265693895231515	   1.419899755126302
   84.03760348352696	   1.316589245505456	   1.480587265794087
   84.13577825395164	    1.37043057684281	   1.542760769453455
   84.23395302437633	   1.426479989162022	   1.605421244152611
   84.33212779480101	   1.483866629293102	   1.667434869915366
   84.43030256522569	   1.541588123248371	   1.727539072394448
   84.52847733565036	   1.598514757194549	   1.784352239383186
   84.62665210607506	   1.653396816941634	   1.836387554704671
   84.72482687649973	   1.704875492631908	   1.882071341642009
   84.82300164692441	   1.751497727249976	   1.919766216676741
    84.9211764173491	   1.791735328295377	   1.947799218534912
   85.01935118777378	   1.824008565856984	   1.964494894254422
   85.11752595819846	   1.846714343216215	   1.968213093217429
   85.21570072862313	   1.858258846057477	   1.957390946037187
   85.31387549904782	   1.857094354595697	   1.930588197051874
    85.4120502694725	   1.841759644629454	   1.886534731695179
   85.51022503989718	   1.810923118507952	   1.824178813503617
   85.60839981032186	   1.763427510032882	   1.742734245286851
   85.70657458074655	   1.698334717998895	   1.641724423948339
   85.80474935117122	   1.614969065090824	    1.52102109895236
    85.9029241215959	    1.51295707854429	   1.380875599358248
   86.00109889202059	   1.392261773220632	   1.221940387622659
   86.09927366244527	     1.2532094112529	   1.045279045404312
   86.19744843286995	   1.096506834626243	  0.8523632009512256
   86.29562320329462	  0.9232477290146137	  0.6450554585797703
   86.39379797371932	  0.7349065788454392	  0.4255780621866543
   86.49197274414399	  0.5333196018781375	  0.1964677759472182
   86.59014751456867	  0.3206525800124027	-0.03948175633948106
   86.68832228499335	  0.0993561925641413	 -0.2792881665163305
   86.78649705541804	 -0.1278898398910358	 -0.5198563745478428
   86.88467182584272	 -0.3582418329977289	 -0.7580593012172164
   86.98284659626739	 -0.5887639053975604	 -0.9908198202842953
   87.08102136669208	 -0.8165034833897297	  -1.215190409241414
   87.17919613711676	  -1.038567354341663	  -1.428427108803488
   87.27737090754144	   -1.25219504512478	  -1.628054769548778
   87.37554567796612	  -1.454826473602479	  -1.811921116283204
   87.47372044839081	  -1.644161183869774	  -1.978237847795449
   87.57189521881548	  -1.818206997334378	  -2.125607752994599
   87.67006998924016	   -1.97531654667397	  -2.253037602116405
   87.76824475966484	  -2.114210855276471	  -2.359937305261855
   87.86641953008953	  -2.233989826092035	  -2.446106470458484
   87.96459430051421	  -2.334130159694051	  -2.511710003125823
   88.06276907093888	    -2.4144717889529	  -2.557244746728077
   88.16094384136358	  -2.475194365957434	  -2.583499364138873
   88.25911861178825	  -2.516785647888115	  -2.591509708115828
   88.35729338221293	  -2.540003797964802	  -2.582511845494326
   88.45546815263761	    -2.5458356527307	  -2.557894708952964
    88.5536429230623	  -2.535452924555736	  -2.519154082065414
   88.65181769348698	  -2.510168131485376	  -2.467849308014878
   88.74999246391165	  -2.471391801809155	  -2.405563777877352
   88.84816723433633	  -2.420592214747947	  -2.333869924804099
   88.94634200476102	   -2.35925863628729	  -2.254299144606095
    89.0445167751857	  -2.288868711638291	  -2.168316794452812
   89.14269154561038	  -2.210860399739634	  -2.077302197572725
   89.24086631603507	  -2.126608592374478	  -1.982533406180239
   89.33904108645974	  -2.037406357895703	  -1.885176346701946
   89.43721585688442	  -1.944450590094776	  -1.786277887218282
    89.5353906273091	  -1.848831725877962	  -1.686762321458462
   89.63356539773379	  -1.751527118053054	  -1.587430750231678
   89.73174016815847	   -1.65339760690932	  -1.488962853062179
   89.82991493858314	  -1.555186820681934	  -1.391920573448222
   89.92808970900782	  -1.457522744406669	  -1.296753284599795
   90.02626447943251	  -1.360921123234908	  -1.203804053555469
   90.12443924985719	  -1.265790304640281	  -1.113316675979784
   90.22261402028187	  -1.172437169461845	  -1.025443208372893
   90.32078879070656	  -1.081073850557324	 -0.9402517764309782
   90.41896356113124	  -0.991824986967101	 -0.8577344862037393
   90.51713833155591	 -0.9047353086765514	  -0.777815307488085
   90.61531310198059	 -0.8197773907660335	 -0.7003578360929212
   90.71348787240528	 -0.7368594550002269	 -0.6251728731393646
   90.81166264282996	  -0.655833131256758	 -0.5520257856552717
   90.90983741325464	 -0.5765011205230623	 -0.4806436338174074
   91.00801218367931	 -0.4986247256635337	 -0.4107220668436837
     91.106186954104	 -0.4219312361175906	 -0.3419320023489612
   91.20436172452868	 -0.3461211685760786	 -0.2739261135563937
   91.30253649495336	 -0.2708753779784236	 -0.2063451556640343
   91.40071126537805	 -0.1958620623423054	 -0.1388241673903235
   91.49888603580273	 -0.1207436913935476	-0.07099858665159564
    91.5970608062274	-0.04518389303527481	-0.002510320736749394
   91.69523557665208	 0.03114566639363325	 0.06698618860586369
   91.79341034707677	  0.1085583722629262	  0.1378178660358754
   91.89158511750145	  0.1873456886014607	  0.2102868330155842
   91.98975988792613	  0.2677700926745024	  0.2846641356463449
    92.0879346583508	  0.3500578948830637	  0.3611833441552159
    92.1861094287755	  0.4343919313608746	  0.4400340068942581
   92.28428419920017	  0.5209041295540744	   0.521354953203752
   92.38245896962485	  0.6096679636728897	  0.6052274543276606
   92.48063374004954	  0.7006908376687629	  0.6916682702681939
   92.57880851047422	  0.7939064587258069	  0.7806226334917756
    92.6769832808989	  0.8891672944536398	  0.8719572481101909
   92.77515805132357	   0.986237242122184	  0.9654534157406346
   92.87333282174826	   1.084784678191243	   1.060800436620824
   92.97150759217294	   1.184376100471034	   1.157589476293424
   93.06968236259762	   1.284470622418822	   1.255308133400474
    93.1678571330223	   1.384415627640598	   1.353335991413522
   93.26603190344699	   1.483443940233168	   1.450941484391046
   93.36420667387166	   1.580672910005301	   1.547280451298148
   93.46238144429634	   1.675105846887641	   1.641396791471841
   93.56055621472103	   1.765636261241098	   1.732225661135637
   93.65873098514571	    1.85105537091471	    1.81859966245031
   93.75690575557039	   1.930063315981085	   1.899258466929462
   93.85508052599506	   2.001284472229453	   1.972862278449747
   93.95325529641975	   2.063287169310938	   2.038009472085296
   94.05143006684443	   2.114607994590087	   2.093258638942159
   94.14960483726911	    2.15378069680076	   2.137155120911979
   94.24777960769379	   2.179369494764829	    2.16826193194096
   94.34595437811848	   2.190006349458239	   2.185194736247804
   94.44412914854315	   2.184431480578526	   2.186660294980826
   94.54230391896783	   2.161536114149206	    2.17149751152005
   94.64047868939252	   2.120406153015404	    2.13871991705639
    94.7386534598172	   2.060365189060733	   2.087558161648597
   94.83682823024188	   1.981015049515499	   2.017500834672024
   94.93500300066655	   1.882271916143838	   1.928331757551753
   95.03317777109125	   1.764396000696545	   1.820161796065508
   95.13135254151592	   1.628012824213225	   1.693453251876356
    95.2295273119406	   1.474124346018677	   1.549035030387365
   95.32770208236529	   1.304108525243554	   1.388107053209743
   95.42587685278997	   1.119706366054231	   1.212232786416024
   95.52405162321465	  0.9229960770197322	   1.023319275873583
   95.62222639363932	   0.716354631900351	  0.8235846912424418
   95.72040116406401	  0.5024077095200816	  0.6155140421791632
   95.81857593448869	   0.283969662936732	  0.4018043968026599
   95.91675070491337	 0.06397576910377689	  0.1853015520053812
   96.01492547533805	 -0.1545905109296969	 -0.0310693730937629
   96.11310024576274	 -0.3687722162757291	 -0.2443765700072659
   96.21127501618741	 -0.5757123469981882	 -0.4517543461258668
   96.30944978661209	 -0.7727230138279486	 -0.6504730392120586
   96.40762455703678	 -0.9573474656198765	 -0.8380031638913392
   96.50579932746146	  -1.127412631339525	  -1.012071277424921
   96.60397409788614	  -1.281070393781773	  -1.170705563270218
   96.70214886831081	  -1.416826475997635	  -1.312269745163272
   96.80032363873551	   -1.53355651496352	  -1.435484611226949
   96.89849840916018	  -1.630509567960797	  -1.539437095135408
   96.99667317958486	  -1.707299899276457	  -1.623577481755049
   97.09484795000954	  -1.763888392156811	  -1.687705838249021
   97.19302272043423	  -1.800555299896646	  -1.731949189864568
   97.29119749085891	  -1.817866280155631	  -1.756731246581192
   97.38937226128358	   -1.81663375005923	  -1.762736638983157
   97.48754703170827	  -1.797875568732534	  -1.750871646640562
   97.58572180213295	  -1.762772918627114	  -1.722223316102913
   97.68389657255763	  -1.712629041905367	  -1.678018690303786
   97.78207134298231	  -1.648830219448977	  -1.619585631614835
     97.880246113407	   -1.57281008306563	  -1.548316442085887
   97.97842088383167	  -1.486018048662675	  -1.465635189776784
   98.07659565425635	  -1.389892367945689	  -1.372969359319678
   98.17477042468103	  -1.285838032321895	  -1.271726173454055
   98.27294519510572	  -1.175209534177921	  -1.163273691190116
    98.3711199655304	  -1.059298302281042	  -1.048926584044313
   98.46929473595507	 -0.9393244808065031	 -0.9299363271767309
   98.56746950637977	 -0.8164326136793181	 -0.8074854168556538
   98.66564427680444	 -0.6916907238162551	 -0.6826851367924847
   98.76381904722912	 -0.5660922355499061	 -0.5565763393376435
    98.8619938176538	   -0.44056017258639	 -0.4301326783196592
   98.96016858807849	 -0.3159530678937649	 -0.3042657232573138
   99.05834335850317	 -0.1930720409664015	 -0.1798313948404025
   99.15651812892784	 -0.0726685276736444	-0.05763718458684153
   99.25469289935252	 0.04454781508014655	 0.06155034617015837
   99.35286766977721	  0.1579014659663477	  0.1769982540977003
   99.45104244020189	   0.266744048569364	  0.2880005113509811
   99.54921721062657	  0.3704483383150863	  0.3938722889202488
   99.64739198105126	  0.4684035636263714	  0.4939455523782231
   99.74556675147593	  0.5600122479047074	  0.5875662438858915
   99.84374152190061	  0.6446887865881865	   0.674093268158757
   99.94191629232529	   0.721859898208525	  0.7528994398571072
     100.04009106275	  0.7909670294123708	  0.8233744849500624
   100.1382658331747	  0.8514707308611065	  0.8849301186332819
   100.2364406035993	  0.9028569536688007	   0.937007147371304
    100.334615374024	  0.9446451449717075	  0.9790844631709099
   100.4327901444487	  0.9763979473600909	   1.010689715558285
   100.5309649148734	  0.9977322319650325	   1.031411363012012
